85.0
88.6
97.6
69.3
52.2
35.3
71.1
53.3
67.0
65.9
94.1
60.2
77.0
88.5
75.9
41.0
86.9
99.5
86.6
78.9
74.1
36.5
41.4
66.3
64.4
98.9
51.7
78.7
36.0
77.8
83.7
65.0
52.4
99.4
66.5
62.2
79.8
52.1
41.6
36.9
91.8
61.1
75.3
57.4
99.2
53.9
46.5
36.9
79.0
48.6
74.2
38.0
98.7
73.4
63.8
65.4
97.9
38.0
71.5
95.0
81.9
80.2
47.8
54.2
44.7
54.1
82.4
64.3
81.2
92.2
53.3
66.5
45.4
81.2
47.7
41.1
86.6
36.0
72.6
95.6
96.6
86.4
47.8
96.8
44.7
54.7
70.9
38.4
79.8
63.3
90.5
79.0
38.8
57.3
71.1
38.7
76.0
92.6
38.5
72.7
68.9
41.6
44.1
95.7
46.6
96.7
67.4
89.9
95.2
39.6
94.8
68.2
40.9
75.8
83.8
38.8
69.0
85.6
90.3
53.9
83.1
54.2
51.2
53.6
58.9
96.3
70.3
48.2
86.6
61.1
61.9
96.7
65.0
74.7
68.9
93.1
79.4
58.5
72.5
77.1
97.4
92.5
57.6
56.2
72.7
90.2
57.8
67.6
99.1
39.3
71.4
43.6
48.2
56.4
97.8
72.4
70.1
68.0
72.4
59.5
67.6
49.6
70.6
73.5
65.4
73.2
94.0
52.3
62.5
95.4
96.0
99.5
82.8
92.0
49.5
44.9
71.5
77.1
48.4
88.7
69.3
42.2
43.9
88.9
47.1
84.0
97.9
97.8
36.6
93.3
43.7
61.7
83.2
82.7
35.1
46.8
84.8
78.8
40.3
54.0
45.2
37.8
51.1
47.9
68.1
60.4
37.3
97.1
98.5
81.4
96.6
43.5
91.7
90.0
35.6
56.8
86.2
90.1
43.9
88.0
80.7
58.6
86.0
50.5
43.4
61.4
63.3
85.0
43.3
95.2
95.7
78.1
99.8
88.3
86.2
97.7
87.6
75.8
57.1
43.2
90.8
59.3
70.2
35.4
45.7
94.0
68.5
66.3
87.9
88.5
78.0
44.4
65.6
79.7
40.7
86.4
56.6
45.1
75.6
71.7
88.3
77.4
58.3
37.7
95.3
50.1
69.2
78.6
95.3
66.5
98.5
43.3
44.8
95.7
77.4
56.2
57.5
66.2
52.6
51.9
99.4
45.5
80.5
89.3
99.2
88.7
48.9
50.4
68.2
78.9
74.8
76.0
89.9
44.6
50.6
84.8
53.6
93.7
56.8
37.4
84.2
94.7
87.1
81.4
62.4
54.2
63.4
47.1
69.4
50.8
80.1
51.3
98.3
73.4
36.9
45.4
92.6
75.6
71.6
69.9
54.2
53.4
73.3
53.6
86.3
66.7
82.2
95.8
88.4
46.9
77.7
68.4
80.0
65.9
71.6
83.3
78.2
50.0
76.8
90.8
97.0
47.0
82.7
51.8
42.3
35.6
57.1
81.6
77.5
92.1
57.2
84.8
88.3
90.9
76.1
89.8
92.1
50.8
79.7
92.9
56.4
65.9
88.3
79.7
68.9
83.9
90.7
67.5
88.7
47.2
37.7
41.7
46.9
66.4
64.5
67.0
87.4
90.6
78.9
86.6
59.4
90.8
64.1
68.0
99.4
71.6
56.5
44.7
41.5
54.7
69.2
58.1
51.6
57.5
53.6
80.0
54.7
44.5
37.0
82.0
73.4
50.8
66.8
91.8
91.1
88.1
98.1
92.0
83.6
84.6
47.9
43.4
75.4
63.8
36.6
68.4
74.7
72.4
58.9
80.2
92.3
36.8
66.8
65.7
57.0
60.9
91.7
59.2
52.2
40.5
65.0
80.3
62.6
76.9
56.9
94.5
89.5
51.0
95.2
39.8
78.8
73.1
81.3
97.6
56.3
70.0
97.7
35.5
45.8
81.1
97.1
95.7
90.5
62.5
67.9
50.3
40.3
62.2
62.9
75.9
98.0
87.4
65.7
73.8
68.6
67.4
92.6
48.1
55.4
59.5
68.1
60.8
85.6
36.6
86.8
45.9
56.8
61.3
77.7
80.1
69.0
50.6
38.4
64.7
77.9
42.8
78.0
44.3
70.4
36.0
51.9
36.4
44.7
83.0
47.5
45.7
69.4
74.5
71.7
82.1
82.8
48.8
76.2
49.5
36.4
65.5
78.8
53.2
91.5
78.1
83.5
67.9
55.7
96.4
43.3
43.3
84.8
59.4
95.0
37.0
67.8
92.8
92.0
55.0
58.8
93.5
77.3
82.7
44.7
90.5
95.7
38.4
80.8
96.1
89.5
88.6
81.2
93.5
80.9
59.9
75.1
66.5
90.9
62.8
63.5
86.4
88.2
38.1
35.9
98.9
87.5
59.8
86.9
71.5
71.5
60.9
86.9
93.9
43.4
78.5
73.1
76.3
63.2
87.2
78.1
91.8
67.7
74.6
48.7
42.9
63.5
90.9
64.0
42.8
37.0
68.3
47.1
83.3
44.4
41.9
68.0
87.9
90.3
90.1
35.3
90.6
79.1
51.9
65.2
95.4
79.2
95.5
43.0
35.9
93.0
97.9
45.9
91.3
83.5
55.1
52.6
59.3
39.6
95.1
92.6
92.1
91.6
94.2
37.1
93.8
86.1
38.8
61.4
89.9
88.3
52.3
40.4
37.1
58.9
67.3
72.5
56.0
43.9
81.0
82.0
90.3
85.0
61.4
40.8
79.3
65.3
74.8
50.7
78.4
80.6
53.8
41.1
69.6
97.8
44.0
79.3
40.2
86.4
64.1
67.3
87.5
35.3
91.6
96.4
64.2
48.8
77.3
45.5
72.8
37.3
67.2
65.8
79.7
52.4
58.2
56.7
97.2
97.5
57.7
87.2
51.3
55.2
83.4
55.8
39.1
49.4
58.5
46.6
68.1
77.1
35.5
53.3
42.4
68.3
61.6
74.9
78.5
90.4
67.8
45.0
90.7
78.1
52.8
38.3
98.2
41.3
55.5
89.7
97.5
80.2
44.4
52.0
84.0
95.4
54.4
63.4
43.6
56.6
99.4
40.9
82.1
97.6
36.2
63.6
69.2
70.6
43.6
76.6
95.0
70.2
58.6
44.4
74.3
68.6
80.7
48.7
44.1
99.7
71.4
79.9
72.5
52.0
57.4
43.2
39.8
90.2
93.3
52.5
68.8
78.2
77.5
36.2
99.0
83.1
93.7
42.0
91.3
46.2
57.4
87.4
56.8
49.4
51.0
63.9
76.0
92.7
44.5
48.3
69.6
37.2
86.6
75.6
44.0
95.6
60.6
72.7
67.4
79.8
66.8
51.5
93.6
62.1
35.7
49.9
69.9
71.2
56.2
81.1
57.0
97.8
98.2
91.7
98.9
63.0
90.0
70.9
94.8
57.3
51.6
96.4
65.4
84.8
87.7
65.5
41.6
97.8
91.0
91.3
36.5
97.3
45.8
70.1
68.5
49.3
94.3
35.9
40.5
85.4
43.2
92.3
84.6
59.1
60.7
96.7
49.4
86.8
75.4
90.3
99.4
48.5
54.8
82.5
85.0
93.6
48.1
71.8
60.2
41.3
63.2
96.5
83.9
61.3
92.3
65.3
43.9
38.8
84.8
86.4
53.5
39.3
99.3
51.5
43.2
70.0
56.4
72.4
93.9
79.0
79.3
37.7
99.8
83.6
73.1
53.3
38.2
71.4
75.1
71.4
63.1
95.2
91.6
39.4
80.4
64.6
38.9
38.5
48.2
45.2
56.8
66.6
42.9
75.0
78.0
83.8
74.0
94.0
75.8
96.7
46.4
76.0
52.5
52.3
60.4
91.1
74.2
88.8
95.0
64.1
98.9
41.6
99.4
63.5
80.0
38.7
95.1
37.1
49.9
51.7
41.0
81.1
37.5
62.0
51.8
75.6
74.0
94.8
96.0
54.7
54.8
58.6
93.7
45.2
51.3
39.2
83.4
46.3
56.4
57.3
54.3
85.2
45.7
70.8
98.1
65.8
54.4
88.2
63.4
92.4
89.4
81.9
60.5
47.2
45.7
87.8
63.9
50.7
46.6
88.0
78.6
38.8
66.3
37.5
47.5
69.2
51.4
50.4
95.8
62.0
58.5
99.4
52.3
47.6
90.8
49.2
65.8
35.3
94.5
51.3
36.4
60.8
71.4
35.1
75.5
91.1
38.7
69.6
77.4
97.2
35.4
94.5
48.6
55.3
91.0
80.3
72.7
38.9
62.7
35.5
99.0
58.4
71.8
36.6
98.0
86.1
85.8
85.7
63.5
99.3
70.1
65.6
43.6
93.9
81.6
66.6
58.1
94.8
93.0
69.1
51.7
79.1
88.0
80.7
61.9
96.2
41.0