44.2
42.3
46.5
80.8
51.0
55.3
68.1
60.2
62.7
73.8
72.3
50.9
83.1
94.9
68.8
52.1
64.2
64.3
86.8
58.7
68.5
78.2
62.4
71.1
46.0
82.5
98.4
46.7
56.6
66.4
61.8
63.3
42.1
36.8
54.0
85.1
35.3
91.7
51.5
81.5
48.8
38.7
94.9
72.1
45.9
79.7
68.7
56.4
75.3
63.3
40.3
54.2
79.0
75.8
92.2
69.0
74.1
65.2
44.0
57.0
81.4
60.1
54.8
71.4
84.4
40.3
73.3
68.6
81.3
91.3
39.1
48.3
62.3
60.8
79.5
52.3
63.1
77.6
78.7
57.5
79.1
57.5
39.2
54.5
64.8
44.5
72.2
82.8
99.5
61.6
88.6
83.7
54.0
62.4
63.0
68.5
61.7
44.9
98.6
54.7
44.9
76.7
79.3
90.7
53.3
60.6
87.3
50.7
99.8
78.8
96.0
64.0
75.9
42.9
98.5
67.3
63.2
46.9
65.5
80.2
93.6
86.5
66.7
47.5
97.5
85.5
70.7
81.6
38.5
98.9
95.0
77.0
76.6
96.7
85.3
39.1
52.6
59.0
69.9
50.9
59.5
86.6
94.6
59.7
60.5
45.0
70.0
72.7
61.3
67.2
53.1
54.0
85.6
64.3
69.1
94.7
35.6
44.1
98.5
88.8
83.0
72.4
60.2
56.4
35.6
83.8
51.1
75.7
64.2
85.2
62.6
98.4
65.2
90.6
41.0
46.8
89.4
83.6
54.6
63.9
51.8
99.4
91.8
65.4
86.8
88.9
71.5
97.2
94.9
39.6
48.2
39.8
52.2
87.7
62.8
58.0
59.9
50.4
99.8
77.8
47.3
52.8
88.1
97.5
69.5
74.0
95.7
65.4
73.4
70.7
56.9
69.0
56.2
51.7
75.6
50.0
89.4
59.3
81.1
76.3
49.0
83.6
70.7
98.1
78.6
59.7
54.6
53.4
99.1
48.5
73.8
82.9
52.6
42.5
47.2
57.6
88.3
81.5
84.3
97.6
65.4
91.0
45.1
38.9
48.4
48.3
43.8
47.7
45.0
39.0
57.4
58.6
78.2
41.6
62.2
72.8
47.5
90.4
35.8
35.3
59.2
63.8
85.6
80.2
71.1
94.0
46.9
54.2
85.1
48.8
46.4
61.3
88.9
88.6
74.2
81.5
87.9
64.6
65.4
41.0
41.7
43.2
72.4
36.0
74.2
91.9
68.7
73.8
57.6
81.7
81.1
99.6
91.6
41.6
74.2
65.7
70.8
49.7
45.5
62.6
51.7
67.2
81.1
57.9
36.4
66.2
85.6
97.2
79.6
88.8
40.0
68.3
78.6
36.6
80.3
83.3
69.2
36.4
64.1
62.6
41.2
93.9
72.2
79.6
70.0
61.9
69.8
64.5
97.8
58.1
83.3
38.2
39.2
87.6
53.1
82.9
73.1
81.5
51.7
81.4
84.7
98.6
59.3
76.1
62.1
91.6
63.0
47.5
81.4
93.4
44.4
67.2
49.2
88.0
97.1
36.0
86.8
42.5
85.2
50.0
57.6
91.1
57.2
51.4
39.2
65.6
65.9
81.4
56.2
54.9
92.8
38.9
65.9
83.1
66.1
63.9
55.9
78.4
39.1
60.3
37.1
77.3
46.2
96.4
67.7
91.2
39.1
81.0
58.5
41.4
45.2
48.5
91.7
68.6
46.2
87.2
45.0
86.7
43.0
88.3
38.6
76.5
84.9
71.9
56.1
36.2
63.9
80.2
71.8
91.5
77.4
66.2
80.6
51.8
51.7
42.9
48.6
94.4
80.5
96.4
39.9
56.5
69.4
64.0
66.5
65.5
41.0
43.1
79.9
76.6
46.0
48.5
59.1
85.4
40.1
79.1
52.5
94.0
80.2
96.3
37.9
40.7
74.7
54.3
94.7
40.0
83.6
76.8
75.9
59.9
94.2
98.3
79.1
64.3
68.9
37.5
71.8
54.1
40.6
52.6
37.6
54.5
47.6
88.7
96.3
48.7
68.6
99.5
62.8
42.9
40.4
74.7
51.0
85.9
58.2
77.1
66.9
70.9
91.1
75.8
52.5
89.3
82.5
42.6
38.1
84.2
51.6
48.0
88.9
41.0
69.4
63.3
78.7
84.3
91.3
88.4
36.8
58.4
74.6
76.2
38.6
74.2
70.5
86.7
44.5
39.7
58.8
52.4
39.7
55.7
90.2
44.9
62.2
87.3
81.5
45.0
72.4
44.0
44.6
73.1
48.5
43.7
73.7
87.6
56.6
35.8
59.0
96.9
98.7
49.9
62.4
43.6
82.2
63.1
38.9
72.2
44.8
64.7
44.1
50.7
42.2
45.5
84.1
92.1
92.8
92.7
66.0
72.8
39.4
48.3
74.7
64.9
76.5
76.8
58.7
64.2
55.6
63.3
44.8
91.7
84.8
39.3
47.3
77.5
97.4
81.6
65.4
65.7
39.4
42.5
80.6
48.7
63.3
53.8
98.2
66.5
55.3
39.5
88.4
66.9
92.2
56.3
85.0
68.5
37.7
55.6
74.9
37.3
62.0
71.5
42.7
81.6
52.2
42.9
51.3
82.9
83.4
68.4
52.0
54.5
64.1
82.8
87.3
98.4
93.4
55.1
78.8
49.4
71.7
69.8
55.1
38.0
85.6
80.6
65.6
74.9
92.1
63.5
54.1
92.1
86.4
59.2
72.6
93.0
84.3
67.4
53.8
88.8
79.2
46.2
45.8
83.7
45.7
66.9
56.6
81.8
49.1
35.8
36.1
67.8
55.2
75.6
97.8
95.3
57.6
66.7
67.7
68.1
97.7
78.4
74.8
76.6
63.8
80.2
65.2
35.2
64.4
43.1
41.5
78.0
47.0
69.7
94.3
45.6
36.7
54.4
72.3
69.6
51.5
56.1
93.9
82.8
59.6
58.0
43.7
81.1
83.2
73.6
36.7
50.1
81.5
74.4
93.8
75.7
65.1
65.6
60.3
72.0
50.7
62.5
72.3
37.2
97.9
53.5
72.3
73.0
59.5
41.6
44.0
49.8
89.7
91.5
36.2
67.2
77.9
44.5
62.4
73.8
80.8
59.1
87.0
79.0
62.4
45.2
46.4
93.0
90.1
64.7
49.8
93.2
50.8
78.3
37.5
79.5
39.8
56.1
57.9
46.3
97.0
99.7
59.8
59.2
88.0
94.4
50.4
81.5
52.8
62.9
43.6
82.3
81.3
58.2
98.5
66.2
68.7
66.2
38.7
74.4
83.6
60.3
63.7
44.0
55.0
41.3
83.4
61.9
56.0
90.6
53.8
37.3
78.2
91.4
87.7
39.7
98.7
49.1
96.7
84.7
90.0
94.4
91.8
36.8
81.6
99.1
89.7
79.7
92.3
35.6
41.9
45.5
62.3
64.6
75.4
85.6
74.2
96.6
47.4
75.1
70.5
75.8
78.2
84.7
50.4
80.1
36.3
71.7
77.0
97.9
87.9
40.7
70.9
82.5
85.2
74.9
81.3
35.0
73.4
77.9
67.8
86.7
94.6
75.2
70.0
61.2
55.9
96.7
92.6
80.4
73.0
40.0
43.0
48.7
54.1
98.1
46.0
89.8
68.6
72.0
45.3
52.8
53.8
92.0
69.6
37.8
78.3
87.4
95.3
40.6
62.3
70.5
92.1
54.1
55.8
40.7
77.7
50.5
62.0
72.9
37.1
43.8
35.0
78.2
94.3
81.9
91.3
59.9
49.3
58.6
38.7
39.0
69.0
68.5
80.8
80.5
51.6
52.3
83.6
84.5
70.1
85.2
57.8
54.0
72.7
75.6
76.4
87.2
91.7
82.2
63.4
38.1
72.2
45.2
55.5
42.8
56.2
72.1
69.7
49.8
44.2
97.1
75.2
57.1
35.5
84.3
62.0
49.4
67.5
79.9
80.9
88.7
71.7
50.5
61.4
50.2
75.7
88.0
95.2
46.9
47.6
37.7
85.6
66.4
88.3
75.4
39.1
99.8
49.3
77.5
36.6
46.9
46.6
61.5
78.0
64.4
58.3
47.4
92.8
83.0
49.5
82.3
42.1
75.4
83.8
49.8
76.8
80.6
70.5
78.3
69.0
78.6
47.4
39.6
50.6
68.9
99.4
91.9
81.7
92.0
95.1
44.2
73.4
40.3
87.7
39.2
93.5
88.6
60.3
42.5
41.8
52.5
91.2
45.7
87.2
43.9
55.3
44.1
35.7
56.3
69.2
35.5
38.3
97.0
41.4
84.9
44.5
65.2
86.0
72.6
50.0
53.1
90.1
68.8
86.3
95.8
73.4
39.2
70.0
66.9
77.4
64.2
59.1
66.6
52.3
63.1
76.1
76.4
76.2
42.0
65.7
59.4
73.6
82.7
63.5
50.2
59.0
73.4
61.7
87.0
76.1
35.6
66.8
58.8
56.2
53.9
77.3
42.1
92.9
54.4
89.6
64.6
67.2
61.9
75.9
68.4
46.7
62.8
52.9
50.7
37.0
65.5
99.7
74.0
35.8
47.8
45.4
44.0
55.3
35.1
35.0
41.5
90.7
58.8
46.5
61.9
77.1
70.7
88.2
57.0
61.2
71.7
50.0
95.9
38.6
97.8
83.8
55.5
97.1
43.6
95.6
81.9
88.7
56.1
48.5
64.2
49.5
47.6
90.2
67.7
97.1
74.3
64.5
50.7
38.6
78.3
38.4
48.0
91.2
35.2
66.6
39.3
86.8
61.1
93.7
53.6
70.0
48.9
98.1
41.0
42.9
78.2
87.8
52.8
87.3
60.0
39.4
78.2
53.5
59.7
64.4
64.8
48.0
85.8
52.1
72.8
88.3
44.8
56.9
45.9
94.7
89.8
50.8
98.0
41.3
76.9
83.9
77.9
80.5
46.1
77.5
54.3
98.5
62.5
47.1
54.0
46.0
82.9
91.0
69.0
36.2
65.9
87.4
71.9
76.2
89.2
35.1
45.1
63.3
86.1
61.0
93.1
35.1
55.7
39.7
49.5
82.4
37.4
76.3
40.9
93.9
39.1
54.4
45.4
80.5
49.5
64.3
54.4
86.7
86.2
86.1
64.0
88.0
77.8
50.6
35.2
77.3
46.8
88.6
37.6
56.9
37.4
54.7
95.0
62.0
83.6
78.3
97.1
57.7
49.3
70.9
38.4
61.4
49.8
43.9
65.2
39.3
95.9
92.2
95.5
80.2
44.5
41.9
68.3
76.9
67.8
91.4
58.0
48.8
37.5
56.9
80.3
59.4
72.7
63.9
46.6
66.0
51.5
60.4
93.9
66.9
83.1
91.7
75.1
47.5
52.0
50.9
55.3
91.8
86.8
76.0
87.4
74.7
41.1
61.2
89.4
49.1
95.2
93.9
75.8
53.1
87.3
40.5
91.9
47.9
74.5
65.7
45.0
40.9
76.6
41.0
65.7
72.3
70.5
44.8
85.2
44.8
95.9
87.8
43.6
70.0
92.1
77.3
92.9
77.7
47.4
77.3
40.3
74.9
92.8
39.0
36.1
41.6
87.6
72.6
46.5
49.1
74.7
37.0
98.1
57.4
71.8
83.8
72.2
77.7
89.3
62.4
44.8
85.2
55.4
74.6
95.1
99.9
68.6
93.1
84.2
60.9
41.6
94.4
91.3
37.0
88.0
92.7
37.0
81.2
86.7
73.6
45.3
66.1
84.0
98.3
78.3
84.8
55.6
47.9
70.5
48.6
54.2
53.7
58.9
40.4
81.9
68.9
95.2
58.3
47.5
60.5
72.5
85.0
92.0
49.8
39.1
97.3
43.0
46.8
83.1
40.2
90.3
43.0
73.5
70.2
35.4
74.1
43.7
87.8
44.5
37.3
56.4
83.4
92.7
87.1
95.3
55.9
58.2
74.9
46.1
99.3
60.9
58.1
91.1
61.4
88.4
43.2
63.2
69.4
35.2
47.0
75.3
65.0
67.5
73.7
82.7
67.8
95.2
90.8
96.8
42.8
75.5
98.3
97.6
90.6
66.2
43.1
87.7
62.2
73.6
88.9
82.6
51.5
94.3
47.2
74.2
50.9
63.4
84.7
62.3
39.0
84.9
83.1
74.7
95.7
85.5
65.2
51.4
52.3
37.7
43.8
45.8
69.7
75.0
60.3
86.0
95.5
43.7
73.3
36.7
48.0
60.9
49.2
76.7
37.8
44.1
58.0
77.4
36.8
95.8
96.9
47.8
49.8
88.4
39.3
61.6
64.0
37.0
85.9
80.2
46.1
46.6
36.4
88.2
91.9
70.4
48.0
51.5
44.4
92.7
87.3
83.8
61.1
45.6
41.5
91.3
76.4
54.7
84.8
75.8
46.9
99.4
48.0
38.9
65.3
58.5
96.9
43.4
92.7
80.9
56.5
88.9
79.7
81.3
41.8
81.3
60.5
50.7
71.2
75.7
90.4
57.6
71.9
58.8
99.0
47.7
44.4
92.5
84.3
81.8
60.9
85.7
46.0
46.1
42.5
74.7
95.9
49.5
91.7
52.8
77.8
72.6
78.8
38.7
96.5
71.7
70.8
70.4
42.5
91.9
45.0
72.4
35.3
43.1
96.4
41.2
82.4
73.2
56.1
95.3
45.1
40.5
95.7
58.5
96.7
53.6
96.8
81.3
95.9
61.3
53.4
63.8
74.2
98.1
44.2
38.7
43.1
71.7
37.9
52.8
95.1
74.1
41.2
93.9
94.5
46.3
35.4
99.1
65.5
75.4
40.6
39.1
56.9
50.5
35.8
73.5
60.3
67.0
54.9
79.1
59.4
70.9
50.0
45.0
59.0
63.2
99.2
39.6
39.9
76.4
86.4
71.3
90.6
46.1
95.3
74.9
68.9
71.8
50.2
87.8
79.7
56.3
65.8
72.9
88.9
68.5
75.7
66.6
49.8
54.9
73.2
57.7
84.4
77.1
49.1
86.2
50.0
50.0
88.0
67.3
93.0
70.4
46.0
46.4
59.5
72.2
37.3
37.1
60.5
77.4
38.6
91.5
64.7
84.5
72.5
47.6
87.5
40.2
75.5
70.5
74.5
61.8
36.3
49.2
92.8
59.8
72.7
71.9
74.8
81.0
64.9
35.1
79.7
51.4
69.6
37.8
90.5
53.0
50.7
40.4
84.1
63.0
52.1
45.4
77.7
77.2
40.0
38.5
78.5
92.1
53.9
53.9
97.0
60.8
89.2
87.1
59.4
68.4
74.9
52.6
44.4
59.4
37.2
95.8
35.5
97.1
77.4
74.6
51.1
74.1
47.9
45.2
82.0
93.8
93.6
90.2
91.0
56.4
51.0
57.0
46.1
67.1
92.6
86.0
50.8
41.4
47.8
41.3
82.1
65.2
60.7
81.8
37.2
41.0
87.7
53.3
66.5
83.2
76.8
73.8
74.1
54.8
83.3
50.1
70.9
47.8
86.1
58.4
77.7
56.6
45.8
46.4
37.6
90.3
37.7
70.6
54.9
36.9
43.4
78.3
45.2
81.5
69.0
79.6
37.9
77.1
56.6
89.7
72.9
95.2
60.1
43.2
90.9
52.7
89.5
70.7
48.7
62.1
56.0
86.7
86.4
86.2
83.7
74.0
53.7
35.6
48.2
37.5
51.5
95.1
68.3
75.0
69.9
43.8
93.1
81.4
76.4
98.1
53.9
94.5
42.3
74.3
67.5
84.7
36.6
80.9
94.1
72.0
88.1
75.3
62.3
79.8
82.1
65.7
78.6
77.5
51.4
80.6
65.7
56.8
63.9
47.3
83.1
89.5
72.0
91.2
60.4
50.6
43.9
94.9
85.4
76.7
52.1
76.1
89.0
93.0
97.0
76.8
92.0
37.7
54.3
99.0
90.7
92.1
39.1
78.9
86.6
74.5
90.0
58.8
56.9
44.1
97.8
51.7
49.3
66.3
47.9
91.3
43.9
50.5
81.9
51.6
47.8
97.7
50.2
75.0
75.9
62.7
66.3
61.6
73.3
44.7
53.8
57.0
49.5
38.7
81.8
76.8
48.8
36.3
54.8
59.2
55.1
65.7
56.8
96.5
71.8
53.4
79.6
93.3
95.2
73.1
60.2
86.5
81.4
76.2
38.5
85.0
79.0
41.4
75.0
57.6
54.9
46.8
66.3
83.6
91.3
84.8
59.4
87.8
49.6
82.5
72.9
98.9
76.4
81.9
51.8
58.0
97.5
68.2
91.4
57.1
51.1
96.1
45.1
38.8
73.7
93.6
75.3
65.3
97.5
71.7
41.0
69.0
55.2
98.5
41.3
43.4
58.4
71.0
87.9
68.4
41.0
90.9
51.3
76.5
77.7
76.8
93.2
50.5
48.7
96.6
37.2
91.8
98.3
82.7
62.9
82.3
46.2
36.4
62.3
75.1
67.3
92.7
95.7
94.7
97.2
58.7
66.7
68.1
58.0
41.4
78.8
39.7
92.2
93.2
55.5
83.8
67.3
39.4
49.6
54.5
81.0
65.1
86.3
77.7
70.6
51.6
77.2
73.9
82.5
74.1
68.8
62.3
64.5
86.3
96.0
74.1
62.0
45.0
46.0
52.4
95.6
63.0
50.2
79.9
59.1
51.6
44.8
97.6
55.9
81.6
88.1
52.8
73.9
53.8
96.8
60.4
98.6
52.1
64.8
78.7
89.5
74.0
42.8
38.8
37.8
87.9
55.0
95.2
73.3
37.6
72.5
48.4
74.2
73.0
83.0
69.6
93.0
43.8
66.5
61.5
91.5
81.0
75.8
69.7
50.8
35.1
46.1
56.2
89.6
48.7
71.1
85.3
77.1
64.9
60.6
54.1
85.8
99.1
50.1
39.2
45.2
54.8
72.2
87.9
60.4
46.4
51.5
98.9
62.2
53.9
92.1
80.2
64.3
87.6
79.5
76.3
88.8
50.0
47.5
97.3
77.4
40.5
35.9
91.2
35.1
93.0
48.2
83.0
59.6
46.1
72.1
42.0
63.5
89.5
98.2
84.9
53.3
85.3
89.2
35.4
98.2
90.1
62.5
43.8
72.9
69.6
92.2
96.9
59.6
82.1
89.9
42.0
68.1
89.2
87.6
91.3
59.0
95.3
96.2
36.7
36.4
75.2
82.1
45.9
93.6
61.0
51.6
92.3
53.7
49.6
80.6
58.7
67.5
70.3
43.6
76.1
56.9
71.9
68.0
95.1
74.3
41.8
78.4
71.4
93.8
93.0
71.1
49.6
92.8
80.6
98.4
52.0
64.6
62.8
37.6
78.9
74.4
50.6
73.3
86.5
59.2
46.4
35.1
74.4
95.4
84.6
52.9
96.3
50.4
43.5
88.7
47.2
52.5
74.8
98.8
92.8
87.7
79.6
81.9
42.5
61.8
68.1
76.0
93.5
89.0
63.1
74.3
36.3
45.9
36.8
46.8
61.7
63.1
38.7
39.7
70.4
68.8
87.2
62.6
70.0
64.5
73.1
40.1
54.9
37.2
62.5
95.1
44.1
77.5
99.7
54.4
57.9
35.8
98.3
80.1
76.5
90.3
49.8
48.8
40.9
55.6
79.1
49.9
75.2
96.0
37.1
55.2
66.3
78.0
70.1
93.9
74.8
38.5
41.8
87.6
90.7
84.7
59.6
72.6
97.5
52.9
75.6
51.5
59.6
56.5
51.7
86.2
61.5
58.9
67.4
64.1
68.5
74.1
61.6
59.3
46.3
35.3
66.9
96.5
69.2
45.0
57.2
50.1
96.8
40.5
41.9
40.0
78.6
77.9
50.7
48.3
68.7
91.8
74.2
77.8
49.6
96.9
83.3
38.8
78.2
85.8
45.1
86.7
71.9
48.6
69.8
51.6
44.9
73.7
72.5
36.3
49.0
35.2
52.4
89.9
82.1
95.5
73.4
51.9
50.7
79.4
71.0
53.2
94.4
56.3
91.2
80.4
93.5
84.5
53.9
40.7
93.4
77.4
93.4
43.4
45.9
71.4
47.8
41.9
58.6
36.8
44.6
43.6
36.6
94.7
68.1
37.7
73.3
59.2
54.4
66.7
68.4
42.4
97.6
54.3
79.7
42.8
44.9
36.6
80.0
45.6
88.5
88.4
60.2
86.8
98.8
57.9
83.1
74.4
97.0
40.0
85.2
53.0
56.3
80.4
57.6
89.4
94.8
41.8
52.9
62.9
64.0
97.2
97.5
94.4
92.3
74.5
57.0
42.0
95.4
41.6
35.4
74.9
65.3
77.2
54.6
95.2
89.4
64.1
62.3
86.6
64.8
95.1
60.7
94.4
53.4
39.2
57.5
69.8
63.1
81.1
74.5
80.3
75.0
53.1
64.8
62.1
39.7
67.0
41.2
79.3
86.5
36.4
75.3
36.0
99.4
78.9
49.1
94.9
67.3
70.7
42.2
64.3
80.0
88.3
63.7
66.6
51.0
67.4
78.9
88.2
47.1
69.0
85.0
93.0
78.8
66.0
47.3
89.8
44.4
64.0
84.7
46.2
58.1
60.8
80.4
50.1
62.9
93.4
36.4
42.4
64.1
64.3
88.9
72.2
69.8
46.1
62.9
43.9
41.4
53.7
78.5
83.0
83.4
89.5
77.1
97.7
53.1
70.7
61.5
69.2
72.8
98.1
79.0
54.6
53.4
67.2
81.2
91.4
41.5
97.7
67.6
77.4
38.7
48.1
72.4
80.5
82.6
88.1
47.1
39.8
58.8
45.6
79.3
63.7
87.1
95.5
59.6
52.1
74.7
58.8
60.5
73.4
82.2
99.6
59.5
37.2
62.8
90.6
84.4
76.6
67.0
79.4
65.1
80.9
36.2
75.7
38.2
42.2
46.8
45.7
84.0
90.0
59.4
85.7
68.2
51.4
91.5
41.8
55.6
74.9
42.5
76.4
36.0
76.4
44.8
88.1
86.7
90.0
97.6
79.0
68.8
67.9
82.1
54.7
42.2
85.0
52.5
98.7
67.8
99.4
57.9
71.7
54.5
36.2
96.9
74.8
70.1
58.1
60.9
59.4
38.6
75.6
82.0
97.6
94.5
77.7
48.3
86.6
90.7
65.0
74.1
55.9
42.8
99.0
77.7
60.9
74.2
86.8
60.3
69.8
50.1
79.5
56.9
51.2
56.7
82.5
95.4
93.2
40.0
47.9
40.5
35.7
92.9
92.0
80.4
38.9
54.7
85.9
92.1
44.5
37.5
39.3
72.0
72.2
73.5
51.2
44.6
81.4
55.1
64.9
60.4
66.6
71.0
54.2
62.5
88.2
71.7
39.5
89.2
46.4
57.3
45.2
70.1
60.8
51.7
52.1
65.9
95.9
67.6
46.2
43.4
95.1
85.0
57.9
67.7
61.6
82.9
43.8
65.6
54.3
70.9
99.5
94.0
86.5
45.4
66.8
42.3
38.0
78.4
67.6
56.3
67.1
47.2
63.7
85.4
74.9
61.1
44.4
78.0
50.9
63.5
85.5
68.8
37.9
89.1
86.6
41.3
59.8
57.9
54.8
60.8
38.2
39.0
54.4
39.7
97.2
66.6
66.7
37.4
50.2
61.0
53.1
86.9
41.5
64.8
92.8
49.3
49.8
61.1
97.5
96.7
97.5
50.0
79.9
56.8
41.1
82.4
87.6
57.9
64.3
78.9
69.4
68.4
42.4
99.9
73.3
95.9
51.5
71.7
63.7
42.0
91.5
41.7
94.4
57.9
49.7
36.8
96.4
50.9
87.1
52.8
59.5
86.7
53.5
67.2
70.7
98.1
66.5
49.2
79.8
45.6
72.9
82.8
47.9
39.7
41.9
49.4
49.5
44.7
69.2
65.2
50.6
84.9
52.2
45.9
55.2
41.8
99.0
83.0
82.8
36.3
74.7
55.9
36.5
74.8
96.6
93.1
53.7
79.3
75.7
51.2
68.1
36.6
59.8
45.8
61.3
58.0
71.6
62.5
94.6
75.4
87.0
39.1
91.8
92.7
69.2
93.3
84.3
88.1
57.0
95.8
59.8
89.2
61.5
99.1
44.5
93.2
59.2
77.9
99.6
98.0
48.8
47.6
35.6
43.7
75.0
64.6
65.1
48.1
63.1
89.6
41.3
74.8
45.7
59.5
60.8
61.1
58.8
40.8
73.4
94.9
80.9
74.4
50.7
49.3
44.1
97.3
89.0
84.4
79.3
40.7
68.8
64.6
64.9
93.1
53.6
71.2
59.8
99.7
63.3
50.8
95.2
84.2
93.7
85.9
98.6
88.9
73.9
96.2
65.5
55.9
67.0
92.4
63.3
78.3
56.3
61.1
90.2
52.7
56.0
45.1
93.3
82.2
39.9
88.9
99.6
87.2
91.7
45.0
74.1
95.6
76.7
49.4
64.4
57.6
79.9
65.7
97.6
87.1
77.8
35.8
44.9
42.3
75.1
93.7
60.9
47.2
88.7
73.1
62.8
98.0
88.2
82.1
77.0
79.8
96.0
51.2
89.4
99.6
36.7
65.7
72.8
43.7
94.6
54.9
50.7
89.6
90.1
81.7
40.3
67.7
46.0
35.4
76.0
60.5
73.0
38.9
57.1
35.9
52.9
78.9
43.3
71.5
38.8
61.8
63.7
53.2
48.6
52.2
98.4
86.2
63.7
37.7
61.1
92.3
50.5
94.4
93.6
71.1
44.8
52.9
88.6
63.2
81.2
85.1
38.8
71.3
52.8
56.6
91.3
63.8
99.2
57.4
45.4
93.2
97.8
37.1
37.2
74.9
66.7
40.3
43.3
68.8
57.9
35.5
68.3
85.8
49.5
71.8
74.7
70.3
67.7
89.4
46.5
78.3
54.2
51.3
41.4
87.4
35.6
77.8
81.7
72.1
63.4
88.6
59.4
93.9
78.0
89.8
98.7
62.3
74.7
53.8
45.6
43.4
76.7
84.0
89.4
77.0
58.9
65.9
62.9
66.2
92.1
37.3
53.0
75.4
44.8
54.1
40.1
85.3
73.5
63.8
58.8
55.8
44.5
42.1
80.5
72.7
38.3
55.7
64.1
37.6
92.2
86.0
74.2
62.1
43.6
61.1
69.8
69.5
76.0
60.1
92.7
39.7
74.6
41.0
48.0
89.6
67.9
46.1
65.7
70.2
87.2
36.9
52.4
38.9
43.0
95.2
78.1
54.1
76.2
40.1
97.9
94.1
91.9
57.9
61.3
90.2
56.3
53.2
78.5
43.5
45.9
88.7
94.2
40.0
41.4
81.7
82.5
50.7
75.9
44.6
48.7
69.0
50.9
92.4
52.4
68.0
77.2
87.5
83.1
74.9
70.8
78.0
67.1
59.0
57.7
97.7
53.9
71.9
74.2
61.8
71.6
91.8
71.4
76.9
42.5
67.6
78.4
68.0
89.0
53.4
87.8
67.3
84.4
48.0
57.1
66.9
84.7
36.4
99.9
80.1
42.5
35.4
37.6
35.8
96.0
74.9
51.6
57.3
69.5
73.2
47.7
98.6
50.3
71.2
54.1
74.8
88.5
63.4
73.2
78.8
52.6
92.1
84.1
41.2
38.0
55.0
56.9
36.5
99.0
82.8
46.9
86.9
48.8
75.0
78.5
45.3
68.9
45.5
60.9
60.4
37.3
74.9
71.1
62.4
87.7
79.0
72.1
62.1
44.9
87.9
43.4
36.7
95.8
75.2
93.8
66.6
42.5
55.5
73.5
92.0
63.8
65.3
55.1
92.8
38.6
89.7
95.8
88.8
65.7
76.7
61.2
74.6
40.9
49.2
95.5
67.3
71.0
71.4
45.3
44.2
93.8
35.2
46.6
35.3
64.3
99.7
93.2
62.3
60.4
63.7
72.1
94.2
98.9
91.7
97.4
92.8
93.1
80.9
85.0
88.8
66.3
94.6
91.7
61.2
79.0
41.0
94.3
89.5
73.3
47.7
49.6
54.8
48.0
65.4
57.8
67.3
92.0
64.3
70.0
43.7
89.8
83.8
97.9
70.9
84.3
38.0
82.2
69.6
85.3
91.3
99.3
88.1
55.6
80.0
62.8
72.8
90.4
50.1
93.5
58.7
79.2
70.8
55.5
41.5
69.9
91.1
36.0
67.2
69.7
77.8
81.8
67.2
57.9
76.0
49.5
47.2
96.9
59.3
81.2
86.8
36.3
39.1
84.7
59.5
99.7
75.4
90.6
44.5
40.9
56.4
48.3
80.6
39.8
78.1
72.4
56.3
72.1
83.1
77.1
51.5
93.9
46.4
53.0
55.4
36.7
41.9
47.3
52.7
96.0
61.5
71.3
94.7
84.0
88.4
91.3
56.6
59.7
60.0
82.5
64.5
58.5
73.1
79.4
52.4
69.5
93.7
85.2
37.0
83.9
86.2
36.7
74.3
85.6
83.4
68.7
75.9
73.0
76.1
68.0
81.2
42.8
43.8
76.0
58.4
60.2
38.4
86.6
96.9
54.9
54.6
89.3
41.1
76.4
72.6
66.3
40.8
84.4
48.2
40.0
99.8
95.2
90.4
80.3
96.1
65.5
55.5
76.5
63.7
49.3
70.9
80.0
54.1
61.1
53.7
72.8
37.2
47.9
72.8
52.2
48.6
51.5
98.8
51.4
73.1
74.0
97.4
36.3
45.0
37.4
44.5
58.7
86.2
78.7
78.0
56.7
39.7
51.1
39.2
76.5
72.0
62.2
44.0
75.8
60.2
59.5
73.9
50.3
84.6
35.3
97.9
81.5
54.1
95.6
50.1
82.7
35.6
94.7
58.9
36.7
51.5
74.0
76.2
40.6
99.3
50.5
84.1
57.6
43.8
95.0
85.8
92.6
88.8
57.9
76.6
44.4
43.2
98.5
92.9
97.0
80.5
73.7
98.9
88.6
88.4
95.0
77.7
69.9
59.8
41.6
47.6
79.2
77.2
52.0
39.2
64.2
57.1
37.2
55.5
79.2
70.5
81.7
47.0
93.9
71.9
49.9
67.0
77.0
61.7
89.7
80.8
75.7
69.8
72.7
48.5
88.0
50.0
84.5
66.2
89.3
57.2
44.9
62.1
63.0
64.8
50.9
68.3
40.9
65.5
67.1
65.1
44.1
82.3
88.8
44.1
87.0
73.0
73.0
50.3
35.7
39.9
35.1
73.7
91.3
84.9
70.1
65.5
66.2
78.1
74.1
67.5
80.6
82.0
64.2
36.2
62.8
72.7
36.5
44.3
94.8
51.8
69.5
99.9
38.6
67.3
45.6
70.7
38.5
83.1
97.5
36.4
84.7
43.4
72.9
74.2
71.5
37.1
94.5
38.3
74.1
90.4
84.0
55.2
37.8
71.0
61.5
91.3
49.1
46.6
56.3
74.3
43.1
59.3
58.3
67.1
70.5
69.0
82.7
47.9
47.9
87.5
99.8
37.1
49.3
98.5
73.8
87.4
93.1
83.1
91.9
86.1
94.6
39.3
65.4
49.6
58.5
62.1
69.7
62.8
81.3
72.0
51.6
85.9
38.9
75.3
76.3
36.4
41.5
87.7
85.0
43.6
55.1
93.1
94.0
80.4
47.7
82.8
81.4
45.1
38.9
70.8
41.9
90.3
59.2
49.1
48.1
91.7
98.7
49.5
48.7
72.7
68.9
46.1
87.6
61.7
70.3
77.4
72.3
81.8
56.3
42.9
78.2
84.8
55.2
79.6
88.0
57.7
69.6
99.4
42.0
98.3
71.6
67.8
91.1
69.0
85.1
40.6
52.3
81.2
74.9
79.7
70.5
77.1
97.4
77.3
35.1
59.1
56.1
64.0
45.0
69.4
57.5
74.9
73.1
64.8
46.7
93.2
82.0
40.9
70.9
62.3
52.7
63.5
99.1
35.6
50.7
92.0
96.2
46.1
60.7
73.0
69.3
51.4
36.2
98.2
54.3
52.1
58.0
82.7
85.1
58.9
64.8
55.0
69.7
89.9
35.9
94.6
65.0
64.5
46.6
72.6
81.8
86.9
74.1
99.7
65.6
45.2
87.6
58.6
37.5
41.6
89.9
87.5
63.7
99.8
48.5
56.3
79.1
42.7
42.1
65.5
64.6
46.8
76.3
58.0
49.2
79.5
43.1
35.1
55.5
61.9
45.8
90.9
78.7
41.8
56.4
68.9
93.3
91.1
75.6
35.9
95.6
58.8
55.6
84.3
70.9
98.9
37.7
79.0
71.3
46.2
44.7
78.8
47.4
85.4
92.9
48.1
44.1
51.9
78.6
94.4
35.5
64.1
68.6
66.1
82.9
47.2
62.4
49.9
90.2
63.8
86.4
69.1
47.9
99.4
70.8
51.5
97.0
95.9
61.9
73.2
56.4
95.2
43.0
70.1
40.0
90.1
91.3
46.8
55.7
82.0
97.8
70.5
38.9
74.5
54.2
80.6
88.1
62.1
75.9
96.7
76.4
89.6
85.7
56.7
41.8
52.6
46.2
41.7
48.1
60.1
85.3
84.3
59.4
76.5
42.3
52.3
76.8
42.7
97.7
79.6
40.6
37.7
76.5
81.9
79.3
96.2
40.3
73.4
53.9
98.8
74.3
36.6
82.6
51.1
62.0
44.8
68.6
76.6
54.9
61.7
70.3
45.8
47.3
85.1
47.6
72.7
58.1
52.1
62.0
43.2
47.0
90.4
80.6
73.2
93.5
75.0
64.1
95.5
96.6
52.0
74.8
64.3
88.1
60.4
81.8
85.6
52.4
84.7
78.6
81.9
79.2
35.7
97.3
99.9
64.2
78.1
43.8
80.4
46.6
80.5
82.2
51.9
94.0
37.6
68.5
46.6
36.0
65.9
89.5
44.4
54.2
41.1
43.2
81.5
86.5
45.8
37.7
52.3
65.9
43.4
87.4
90.8
42.3
40.1
96.2
79.7
97.8
74.2
97.5
85.2
58.3
56.2
43.5
39.6
85.7
57.5
43.3
82.7
41.5
53.9
94.2
37.5
96.6
70.2
77.9
78.3
42.5
77.5
57.2
88.8
44.1
48.5
47.2
61.2
69.5
73.3
36.4
99.5
50.8
61.2
76.0
57.7
97.4
93.3
41.5
48.1
99.4
42.4
46.3
69.2
96.7
96.8
89.6
63.0
98.3
63.5
88.1
76.0
59.0
49.6
95.9
38.1
47.9
85.0
96.4
68.9
84.7
41.5
65.7
42.9
62.0
94.9
40.2
71.5
81.7
95.0
52.8
97.6
89.8
99.9
66.7
49.9
58.5
51.8
52.2
42.8
67.0
64.7
87.6
65.0
42.5
79.5
80.6
74.8
92.1
78.3
99.0
98.4
82.4
40.5
48.3
49.5
58.4
57.9
49.8
53.7
95.8
55.8
35.0
93.6
85.1
99.8
59.3
65.0
77.9
40.6
96.9
82.5
96.7
78.9
48.6
58.5
58.0
93.1
72.0
87.9
89.9
60.6
38.8
42.1
94.8
99.9
88.8
70.9
39.4
73.2
98.3
77.1
83.6
58.3
64.0
60.4
51.2
48.5
83.9
47.9
92.1
66.4
70.4
38.7
55.8
41.6
73.0
60.0
43.1
52.3
49.2
82.3
97.7
95.2
56.6
67.7
90.6
58.5
53.9
56.4
46.6
71.4
93.9
43.7
74.0
61.0
49.2
44.8
79.2
40.1
87.3
40.5
80.5
88.9
75.0
99.1
55.7
36.2
53.8
62.2
72.7
68.2
94.3
40.2
77.8
77.8
83.7
64.3
54.3
61.6
81.7
84.4
57.4
56.2
43.5
90.1
53.6
47.5
67.1
75.3
78.0
76.1
44.3
46.0
86.3
56.5
99.3
64.2
70.4
61.5
78.3
53.0
93.7
78.9
77.3
92.2
81.8
68.0
37.3
59.4
77.3
91.1
71.6
63.7
98.9
65.9
37.7
71.7
76.6
69.1
70.5
76.1
63.6
39.8
43.2
37.5
39.6
75.4
78.7
59.9
89.1
43.8
67.3
87.0
99.0
38.9
97.4
64.7
65.7
64.7
73.9
49.7
91.9
93.8
88.2
96.1
90.5
45.3
35.8
72.7
49.7
52.7
69.5
86.5
41.6
61.7
41.0
76.7
55.2
76.5
87.7
95.2
79.3
47.7
56.1
61.0
47.6
35.6
58.5
61.2
76.9
80.1
35.7
75.5
51.8
93.7
81.0
91.3
99.0
94.5
88.0
75.1
90.7
38.5
42.4
72.3
36.0
46.5
73.3
97.0
87.0
37.4
69.1
92.6
62.9
64.3
88.7
96.0
50.1
79.9
50.0
85.1
96.8
99.7
41.5
52.6
70.3
48.7
83.8
37.3
75.3
76.7
68.5
50.0
44.8
47.4
75.2
75.7
70.0
66.4
48.1
60.9
75.0
67.9
95.8
40.7
53.7
84.1
51.9
78.5
43.6
88.3
85.6
98.2
62.7
92.6
96.7
88.0
69.3
76.9
70.6
78.6
95.9
78.7
76.4
67.6
72.3
39.7
85.5
92.5
78.6
91.0
67.4
59.2
58.8
36.2
53.9
46.3
67.6
37.6
96.5
79.0
90.4
56.8
74.7
48.4
48.9
44.8
68.3
61.3
68.4
64.9
63.0
87.8
53.0
93.2
98.8
57.3
98.8
86.1
79.8
42.2
56.5
98.5
76.5
56.5
77.7
38.5
98.7
82.9
59.4
56.3
89.3
40.7
35.5
83.7
42.8
72.3
47.3
57.7
59.9
89.1
92.5
65.1
35.4
61.2
63.3
89.8
59.4
79.5
61.3
50.7
85.9
73.4
51.9
83.5
87.2
82.1
90.0
54.0
77.5
56.6
58.4
49.8
52.7
35.6
53.1
63.0
83.2
51.1
83.2
80.6
38.2
70.6
87.8
64.0
38.8
57.4
97.7
36.8
66.0
37.9
58.8
35.5
90.1
93.0
99.7
94.4
56.2
71.1
45.2
62.3
40.6
99.8
57.8
94.7
49.3
89.0
66.1
74.2
74.4
78.7
99.4
62.2
86.9
80.2
94.1
59.4
66.0
93.0
68.7
67.3
67.3
50.7
48.3
62.4
99.4
99.7
65.5
59.6
46.8
97.1
99.8
53.9
85.1
76.7
96.9
58.8
48.2
99.4
87.9
36.4
85.9
40.2
84.8
40.3
59.2
76.6
70.2
47.2
96.5
46.0
41.0
52.4
73.5
57.0
92.9
35.6
57.4
75.5
68.7
99.1
65.8
73.7
64.4
86.3
41.3
92.8
88.8
93.5
80.7
67.3
78.0
76.6
73.2
73.7
45.0
73.1
45.3
55.3
37.5
57.2
72.1
86.7
46.9
70.0
65.0
91.3
43.6
87.2
35.3
76.6
35.2
36.9
64.6
98.8
43.3
90.7
81.2
72.1
58.1
49.7
60.5
67.2
94.6
82.4
99.4
72.1
94.9
54.7
48.4
46.9
73.9
49.8
70.8
84.8
48.0
78.6
77.3
46.6
73.1
88.3
89.4
44.6
41.8
79.4
53.7
58.3
74.2
55.7
40.3
56.3
93.3
58.7
98.2
39.3
95.3
84.6
53.6
49.2
81.9
96.0
72.2
53.7
43.0
71.9
39.2
41.9
66.9
79.1
88.8
59.6
37.7
66.0
37.5
77.9
74.1
54.7
75.1
57.2
67.1
95.5
86.4
79.8
51.4
56.4
93.0
98.2
58.6
59.1
70.8
79.0
73.5
69.5
49.8
45.9
41.3
98.2
57.9
93.6
37.6
47.3
95.8
68.5
79.0
99.1
70.7
88.2
84.0
95.4
99.0
65.5
93.6
95.3
65.0
49.5
59.1
87.8
80.3
37.8
57.1
39.6
42.5
80.5
37.9
95.4
35.5
79.8
94.3
89.9
39.4
95.3
82.5
52.3
60.7
79.5
91.7
90.7
54.2
94.5
48.2
42.4
53.7
81.8
47.0
53.3
72.5
79.7
86.7
38.1
99.8
36.0
81.0
37.4
44.2
48.0
77.1
80.3
80.9
52.3
78.3
56.9
54.2
64.6
94.3
44.2
39.2
69.8
44.5
61.8
46.0
58.0
49.7
79.0
81.2
84.8
39.5
86.7
37.8
90.8
68.4
72.6
59.0
44.8
95.7
89.2
41.6
39.3
89.9
62.6
52.2
98.1
81.5
38.6
67.9
73.4
93.6
81.8
54.2
39.9
72.3
59.6
97.0
75.3
83.5
89.0
41.4
77.1
89.1
91.6
65.6
55.5
41.6
51.8
92.6
38.0
89.0
82.1
57.8
49.6
85.5
77.3
68.1
73.2
96.4
47.2
90.0
60.2
68.9
95.0
50.5
77.2
64.1
77.2
43.6
66.1
49.1
91.1
55.6
71.9
50.3
71.1
53.3
77.1
41.9
61.0
73.6
77.0
62.0
46.2
41.5
79.9
36.5
94.0
75.1
60.2
56.2
46.5
37.7
97.9
93.7
79.2
39.1
86.1
98.4
57.5
90.4
88.5
83.1
73.9
56.4
41.7
37.0
80.1
35.1
79.1
77.6
44.0
83.0
47.7
63.6
59.0
80.8
61.6
77.8
95.9
56.9
61.2
60.3
41.2
68.2
95.5
88.6
88.8
84.7
63.1
73.0
72.6
40.8
89.9
51.6
86.3
55.2
97.0
76.5
53.8
87.5
44.1
93.4
56.8
64.6
48.2
46.5
47.3
61.0
49.2
92.2
59.0
63.1
83.0
86.0
42.8
41.9
96.6
96.3
91.5
51.1
59.2
41.1
65.6
76.2
61.3
46.7
71.6
56.3
59.1
81.7
52.1
98.2
83.6
98.6
39.3
88.5
79.0
45.6
65.9
71.1
59.2
96.8
50.7
80.3
77.5
61.8
86.2
89.7
49.1
60.0
58.1
75.1
81.0
84.2
35.8
43.2
76.7
49.0
49.8
49.0
53.5
61.2
47.8
63.0
60.0
62.6
97.0
58.1
69.9
85.0
43.2
69.1
59.9
53.4
89.7
82.8
51.0
95.7
46.0
45.9
85.8
52.8
88.3
84.4
82.5
79.9
76.8
71.4
84.5
94.4
60.1
57.3
73.7
38.5
99.5
37.8
80.1
39.2
58.5
61.6
56.1
82.2
58.2
41.2
46.7
96.1
74.4
49.7
62.5
53.5
41.9
77.4
49.1
67.6
83.1
77.3
90.1
49.4
54.2
54.5
44.6
90.0
73.6
72.1
74.8
86.6
40.8
63.1
70.8
68.6
38.2
47.6
46.3
96.3
78.6
89.2
49.1
64.9
71.1
67.4
52.0
97.7
81.9
37.1
57.7
94.8
85.9
43.6
65.1
41.3
74.0
56.1
62.3
35.9
78.6
38.4
54.9
47.3
81.5
87.7
77.8
37.5
79.7
93.4
56.8
87.9
79.2
55.3
88.2
47.6
71.1
86.9
86.6
77.9
62.4
91.3
97.7
75.5
89.0
49.7
50.9
58.0
50.2
93.5
44.1
42.4
63.2
91.6
83.2
82.6
66.3
40.1
36.7
78.6
92.3
95.2
57.0
49.7
99.0
38.6
92.2
73.7
54.8
83.4
71.3
62.6
82.7
42.5
86.2
43.3
56.5
89.4
42.0
62.2
85.4
36.7
68.1
64.2
94.9
91.7
96.5
53.2
56.2
50.1
54.3
64.8
68.4
52.2
90.3
90.8
46.3
93.7
75.3
97.0
85.2
76.1
36.5
48.6
40.2
64.5
67.8
50.3
95.3
59.8
64.2
65.2
97.0
77.3
40.6
42.7
40.9
72.1
55.3
40.8
73.9
74.7
61.3
75.0
71.2
67.9
99.1
64.8
65.1
80.9
45.4
70.1
89.3
72.8
62.8
59.1
53.5
52.0
45.2
70.3
60.1
47.0
68.8
95.7
87.1
88.8
97.8
96.2
59.5
43.2
52.3
94.3
62.2
90.4
69.2
97.1
66.5
77.6
47.0
52.4
59.6
89.9
63.2
82.8
41.6
70.3
44.6
37.2
95.0
43.0
38.3
72.9
39.7
40.4
86.6
69.8
36.9
75.9
43.1
67.6
50.0
92.2
48.8
35.1
84.4
68.6
71.2
48.3
96.5
64.7
82.5
55.8
71.7
44.0
51.8
38.5
73.1
45.1
97.8
42.8
65.2
77.6
79.3
40.4
82.5
74.0
74.5
38.2
43.8
75.5
75.3
83.8
43.2
40.9
80.0
84.3
74.0
47.7
60.1
75.8
62.7
66.2
89.7
37.2
45.4
39.0
66.5
54.3
87.8
80.7
58.4
35.7
96.0
77.2
51.5
77.0
86.2
99.1
36.0
46.8
67.8
63.0
84.9
40.1
93.5
65.2
41.6
85.2
35.1
35.4
52.5
70.9
74.8
74.6
50.0
51.3
69.4
60.8
45.9
89.6
93.3
45.6
41.6
54.7
76.3
62.9
85.4
60.0
67.0
65.5
55.7
42.4
87.0
77.0
64.6
72.3
50.8
50.4
58.0
55.4
37.0
57.1
51.6
75.7
55.5
64.9
58.7
90.0
53.5
52.4
99.1
67.0
39.1
64.7
58.4
43.8
54.3
69.7
79.1
61.6
84.8
75.0
43.1
87.8
78.7
67.4
64.6
52.8
81.7
88.2
94.8
69.2
40.1
52.8
77.2
89.1
77.2
73.2
71.2
87.6
41.0
65.0
52.1
69.5
67.5
48.1
60.4
52.8
36.1
88.8
76.0
79.0
46.2
78.6
93.2
69.4
94.4
38.2
51.5
44.5
43.6
41.6
36.3
45.9
48.9
46.6
84.9
52.0
63.2
69.7
97.0
38.4
50.1
84.7
74.1
55.5
44.8
76.9
81.2
93.0
48.7
62.2
47.4
57.4
71.1
79.9
93.8
84.4
68.5
47.5
67.5
60.6
74.0
92.1
63.6
66.9
37.7
41.2
83.3
39.6
38.8
79.4
74.9
84.3
78.7
72.6
62.9
79.0
46.8
85.1
98.1
57.3
42.5
62.8
79.3
39.7
88.0
54.3
56.3
46.3
87.2
83.6
80.5
61.4
41.0
89.3
47.5
94.6
55.8
77.1
98.3
91.6
46.9
54.5
95.5
44.6
84.2
48.1
94.0
94.8
60.7
85.0
59.4
35.3
85.7
63.7
50.6
94.5
49.9
75.1
52.3
90.9
57.1
73.0
78.8
93.2
71.8
57.5
60.9
82.2
92.4
74.2
47.3
51.4
59.0
84.0
36.7
95.8
63.8
91.3
52.5
62.0
48.6
51.3
96.4
77.8
38.8
59.8
39.3
66.1
95.1
63.0
96.2
94.7
66.5
91.5
55.3
74.0
54.9
96.1
47.0
45.1
78.3
90.9
46.9
74.8
69.1
92.4
76.9
46.2
92.6
77.2
85.5
83.0
90.6
99.2
49.8
39.5
90.8
75.2
70.7
47.2
57.6
43.4
73.7
48.7
81.0
56.0
43.5
82.1
81.3
36.7
50.6
77.7
52.9
71.8
83.9
56.7
48.8
56.4
37.3
54.9
48.6
46.7
67.9
42.5
58.4
74.6
97.4
90.5
96.3
37.3
62.6
76.7
75.4
65.0
97.2
80.6
49.7
82.3
79.2
90.8
88.4
52.2
96.0
48.0
84.4
82.5
55.2
55.2
99.8
69.8
59.3
65.0
70.4
52.5
55.4
91.1
61.6
38.4
40.0
56.4
81.1
37.9
86.9
72.2
52.9
77.2
79.1
68.0
47.9
67.8
81.5
62.2
94.4
49.2
51.1
50.8
65.4
61.9
44.5
35.8
92.1
62.5
78.8
72.1
77.0
50.5
41.8
99.6
61.5
83.1
82.9
59.3
87.4
96.8
94.7
41.0
62.8
59.5
88.1
80.8
93.5
64.5
36.2
43.6
65.0
82.4
56.2
82.3
51.0
39.3
46.2
83.0
63.2
95.5
93.2
45.0
37.9
55.9
62.7
42.3
96.7
50.0
82.4
85.7
50.4
87.3
85.2
49.5
52.4
70.0
94.7
64.0
95.5
52.3
76.0
50.7
62.6
94.4
39.4
83.5
72.9
47.4
67.1
52.5
49.8
59.4
44.2
43.9
78.6
74.6
87.1
98.7
46.7
99.3
72.5
47.6
90.3
58.7
63.5
49.8
91.5
35.9
56.6
86.4
70.5
75.0
54.4
37.7
35.3
42.9
87.9
97.5
52.0
98.0
61.1
44.6
44.1
48.2
58.7
41.7
72.6
95.4
65.1
61.7
94.3
80.1
57.9
72.6
64.0
47.8
40.1
81.7
86.4
57.3
92.9
64.4
57.6
79.7
92.0
43.1
74.3
61.6
45.9
73.1
90.0
98.8
89.9
93.8
64.7
40.1
65.9
35.8
36.9
77.9
37.4
78.6
60.8
95.0
68.2
40.3
73.8
39.1
44.8
81.2
50.4
99.5
62.0
78.5
52.8
82.7
86.8
39.4
70.0
47.0
60.9
56.4
60.4
58.9
60.0
99.0
90.0
74.8
72.0
63.2
39.1
65.6
45.1
98.5
62.7
87.1
45.3
74.8
54.1
78.9
92.9
69.2
89.3
48.6
74.5
61.0
76.9
76.4
98.1
82.5
54.9
52.3
72.6
56.8
42.5
93.6
43.4
72.7
83.2
89.7
51.7
40.2
75.7
54.4
93.8
70.9
91.8
80.9
72.7
52.6
93.4
48.2
59.6
49.1
94.3
74.5
65.4
81.0
92.7
50.6
67.5
44.4
75.9
90.7
75.2
70.1
81.5
36.8
62.2
73.6
44.4
96.8
73.9
64.9
90.5
60.8
77.3
74.4
78.7
94.8
94.8
61.4
79.5
55.6
78.8
86.8
58.3
59.4
35.3
70.4
62.2
89.8
93.2
81.1
55.0
71.5
98.4
66.1
59.7
42.7
83.8
41.5
46.8
76.8
56.3
75.5
55.1
61.7
54.9
80.8
46.4
96.0
73.1
52.8
58.3
62.4
56.5
59.5
68.3
44.4
99.1
83.0
87.4
97.4
61.5
99.3
95.3
91.3
84.1
58.6
46.0
75.8
76.6
79.2
57.2
53.0
60.2
94.4
66.1
81.2
98.6
88.5
56.2
51.0
93.1
76.2
55.0
38.9
75.4
74.0
68.3
89.9
89.5
98.4
50.2
85.3
52.2
63.3
35.8
50.9
92.7
49.9
50.6
54.1
90.8
43.0
69.5
68.9
44.1
85.5
96.0
45.4
44.2
91.7
73.0
74.5
45.8
54.2
58.5
46.6
67.6
69.5
39.7
89.9
35.5
99.3
71.2
79.9
66.2
48.5
79.8
58.4
83.8
80.0
84.4
96.7
88.8
77.8
70.4
36.2
69.9
82.1
46.5
80.1
35.3
58.4
36.8
47.2
35.7
40.2
95.0
83.6
80.4
66.8
61.1
66.8
70.2
57.7
91.2
69.8
75.7
46.7
42.4
79.1
75.4
40.1
46.1
53.1
43.3
93.9
37.2
82.3
66.6
46.3
55.4
88.7
41.6
86.4
57.1
44.7
56.1
65.6
64.7
56.6
42.0
35.9
87.4
42.6
38.7
78.3
40.8
95.1
86.4
77.7
52.2
55.4
88.1
36.6
36.4
74.7
83.3
89.7
71.3
47.6
41.1
48.6
71.7
77.9
49.6
35.9
64.8
48.8
67.5
58.3
80.4
72.9
55.3
37.4
42.7
79.5
60.8
83.3
53.7
96.6
61.5
93.7
93.8
69.3
70.4
93.3
64.2
49.5
40.6
42.4
67.3
71.9
45.5
91.1
69.0
42.3
99.8
47.7
54.4
58.9
55.2
36.6
78.9
51.6
93.3
68.6
44.3
94.5
99.0
94.9
42.6
68.7
67.6
49.1
50.8
53.4
70.9
43.9
59.8
82.8
80.9
96.6
38.1
96.5
69.9
50.8
87.7
37.6
35.3
55.0
99.1
35.6
91.7
63.2
58.9
44.8
49.5
36.6
67.7
98.7
53.9
88.5
44.1
67.8
62.2
91.9
53.6
79.8
56.7
93.6
43.0
45.9
65.4
72.8
88.1
89.6
42.9
60.0
87.4
47.2
41.3
86.3
38.0
78.0
89.4
65.2
99.0
52.8
83.8
72.0
44.1
62.9
60.5
50.5
51.7
47.3
42.6
37.3
56.2
68.1
98.9
84.6
58.5
74.0
64.0
95.9
40.5
72.1
95.6
44.6
36.4
71.2
46.0
53.4
62.3
38.4
82.5
92.1
40.7
63.2
40.1
76.1
35.4
58.3
96.4
96.4
46.5
66.2
50.0
44.7
92.0
71.5
55.1
94.3
94.1
43.8
91.4
69.2
93.3
39.7
73.4
64.8
60.1
87.1
83.4
40.9
49.2
42.4
46.8
36.6
88.7
91.6
85.4
84.3
56.0
53.0
95.0
43.0
36.4
65.4
57.8
75.1
77.8
93.6
80.1
45.8
50.4
72.9
41.3
91.3
66.6
95.7
99.8
78.3
46.0
96.7
89.3
46.3
70.7
39.0
38.0
62.1
80.6
35.8
82.0
54.8
95.2
62.6
55.4
65.8
80.4
63.9
69.0
91.9
83.3
56.2
59.2
90.4
94.2
65.6
97.8
68.7
99.6
75.4
79.2
71.0
93.5
37.2
38.3
97.3
72.7
92.6
49.5
89.4
36.8
77.0
37.4
43.7
36.8
47.8
42.0
79.6
57.5
66.5
70.2
42.5
72.3
49.3
98.4
67.2
85.9
86.1
84.0
82.3
78.9
91.3
80.0
73.6
89.3
46.4
50.1
50.3
73.8
96.6
87.0
36.5
90.6
91.7
93.2
83.6
68.7
72.0
63.9
53.0
76.9
48.5
65.2
80.3
87.9
87.7
81.1
77.7
52.7
35.7
57.0
51.2
90.0
91.5
95.1
39.3
96.5
40.3
52.9
67.8
37.6
49.4
78.7
56.0
76.4
61.7
71.0
53.5
82.7
76.6
80.3
97.6
96.3
64.7
85.2
59.2
35.1
80.2
67.2
73.7
67.6
65.9
58.4
49.0
69.9
88.9
57.9
62.9
58.4
42.2
86.6
87.0
69.9
62.2
42.2
78.3
82.8
60.6
94.9
60.8
52.0
96.2
64.9
89.2
88.0
55.9
96.4
38.0
97.2
37.8
87.7
94.4
38.4
46.0
57.6
58.2
69.7
85.5
40.7
43.6
38.3
81.9
92.7
46.0
69.7
47.4
88.7
85.4
50.4
41.9
62.7
47.3
40.0
76.1
70.2
82.2
46.3
65.2
73.7
46.5
75.5
41.4
91.4
81.8
58.7
55.4
63.1
53.6
70.4
40.6
39.5
65.6
48.0
44.9
80.0
37.5
62.2
51.8
72.8
57.8
40.0
91.2
91.6
56.5
98.7
72.1
96.4
83.1
93.1
77.2
71.2
69.8
79.7
91.4
85.3
69.1
93.8
42.1
42.0
69.0
77.5
50.8
42.8
99.1
55.0
68.4
97.9
92.6
79.5
52.1
77.0
67.4
35.7
57.0
44.2
55.5
71.4
92.4
82.6
49.2
55.1
79.2
62.1
86.9
37.8
74.9
36.0
54.5
42.8
67.0
79.1
75.1
55.6
84.7
99.3
94.3
94.8
68.2
89.2
66.2
53.3
99.2
53.5
68.2
38.3
48.0
37.3
38.9
46.4
72.3
70.1
67.7
76.4
90.6
60.1
68.8
74.2
80.8
80.3
85.8
67.9
71.6
90.5
45.2
37.9
68.0
77.2
59.7
89.9
41.4
42.5
80.8
41.1
88.8
95.6
67.4
54.8
47.1
68.8
49.9
59.8
58.5
91.5
50.9
39.1
99.8
45.7
38.0
76.5
47.3
82.2
70.8
80.4
51.4
43.1
59.0
76.1
60.3
87.7
38.3
57.3
36.4
64.1
35.5
95.1
75.9
49.0
95.9
65.7
98.5
99.1
67.8
94.6
65.9
95.9
46.2
74.8
68.5
38.7
58.2
61.7
46.4
59.7
87.7
81.6
37.9
56.6
35.6
65.0
63.6
44.1
43.9
60.1
72.4
97.5
68.6
95.8
95.8
65.6
92.2
43.9
93.1
85.6
87.2
44.2
79.1
50.4
76.0
57.9
56.8
52.7
60.7
71.4
68.7
51.3
70.7
60.8
95.1
35.2
44.0
81.4
85.7
66.8
42.4
96.0
88.0
80.6
76.4
41.4
43.0
48.9
86.7
77.5
79.7
48.6
50.8
42.7
83.4
85.6
79.0
47.4
47.0
40.9
81.9
74.5
56.1
59.9
62.5
49.0
64.6
83.3
36.0
80.4
51.7
41.3
44.0
38.7
99.1
57.8
52.2
77.9
59.1
88.1
89.2
37.7
60.8
59.7
94.2
51.3
40.4
53.2
69.4
69.0
86.8
86.9
49.9
37.0
75.6
67.2
46.9
81.7
77.7
39.8
80.6
41.0
77.4
72.3
92.4
68.0
94.0
50.4
58.5
86.3
87.0
76.1
65.1
67.7
68.7
35.6
55.8
59.5
75.0
97.1
58.8
73.8
69.3
79.1
71.1
73.1
82.7
45.0
95.1
94.4
52.1
58.0
56.7
45.8
50.8
90.2
87.6
75.2
62.9
86.0
55.7
99.6
85.4
99.0
54.1
74.5
67.4
99.5
42.6
69.5
54.2
53.6
75.2
74.2
73.3
54.8
86.0
70.3
96.5
70.8
53.0
53.1
84.9
87.0
59.8
91.1
88.5
40.3
61.2
86.1
48.5
63.9
53.0
38.8
72.0
58.2
57.3
37.1
64.7
43.1
75.2
80.3
70.8
79.7
62.2
95.2
77.9
82.4
50.4
84.5
65.5
70.6
60.6
44.4
94.3
37.5
75.5
94.2
82.9
60.8
58.8
48.0
41.8
51.4
39.8
98.1
88.0
68.3
40.6
65.3
82.9
70.0
64.6
45.6
39.2
64.8
54.2
99.5
40.9
43.0
64.6
80.9
52.9
99.9
40.9
86.2
50.0
74.0
50.6
99.4
88.6
55.9
64.4
58.3
75.0
39.2
43.9
82.2
93.8
65.6
71.8
60.4
80.0
73.0
36.6
56.7
82.2
96.5
73.4
98.7
43.3
95.0
53.2
74.9
52.7
40.1
80.5
96.9
98.5
84.3
35.1
63.5
86.7
51.0
95.6
87.8
37.8
48.9
55.6
50.4
90.9
86.1
66.0
39.2
89.4
58.9
98.2
69.9
89.3
72.7
64.6
98.5
92.3
39.6
95.1
46.4
85.6
66.9
80.8
41.7
69.9
76.4
86.5
68.0
94.3
84.5
54.5
48.1
93.7
37.9
58.9
65.9
88.6
70.3
82.6
58.2
42.2
75.3
76.5
84.2
42.9
73.9
38.5
88.5
48.6
89.9
43.8
66.9
49.4
97.1
79.5
60.3
48.6
78.1
76.0
53.9
82.0
86.5
69.7
48.6
89.1
81.6
74.3
80.1
70.6
85.2
62.2
59.7
53.9
55.9
97.2
80.3
70.6
42.2
85.5
43.2
37.1
65.9
51.0
73.6
96.9
83.1
86.6
72.1
54.6
43.1
95.8
57.1
35.4
44.6
64.4
66.7
42.7
86.1
65.1
94.5
99.5
38.6
94.2
52.4
94.4
77.4
81.0
83.8
58.8
51.0
48.1
60.9
99.4
69.1
93.3
80.3
49.3
52.1
97.2
36.2
89.0
56.7
35.4
50.8
40.0
62.5
62.6
98.1
75.6
76.5
74.4
55.6
36.3
81.4
53.4
99.2
95.0
84.3
40.4
54.2
55.0
61.6
60.7
64.4
43.8
99.3
97.3
78.6
77.9
85.6
44.9
61.5
84.3
96.7
66.2
46.9
76.3
56.5
58.9
97.4
38.3
83.0
35.1
79.7
81.6
58.4
87.1
93.0
68.8
36.0
93.7
95.0
91.7
40.9
98.7
47.0
57.4
49.0
77.4
76.8
69.7
60.4
37.7
43.6
67.4
36.8
60.6
64.0
82.0
81.3
57.0
60.1
84.5
93.4
87.2
35.0
45.8
51.8
73.5
49.6
88.7
64.3
87.7
98.9
85.7
50.5
66.0
81.8
99.7
65.9
70.0
97.9
87.1
71.5
98.3
40.7
81.6
65.3
48.5
95.8
88.1
68.6
46.3
52.3
56.2
46.4
64.1
67.3
51.5
62.4
99.6
74.8
56.3
92.0
51.7
69.4
62.7
41.9
64.2
99.3
37.7
50.5
59.2
66.9
51.3
50.4
87.9
59.7
92.9
90.8
72.5
83.0
66.7
59.6
82.5
57.1
40.5
89.4
59.4
70.8
96.8
84.9
77.9
43.4
51.9
78.4
73.5
69.5
46.8
94.9
62.9
73.5
57.2
48.9
46.1
55.6
81.2
54.0
83.9
69.0
88.7
36.6
63.4
46.0
68.4
74.7
80.7
67.5
94.2
76.1
66.9
53.2
74.7
98.7
36.3
76.9
52.9
83.9
87.3
63.4
37.2
85.1
76.8
65.0
78.7
99.0
99.8
65.2
98.9
56.4
39.2
35.1
76.3
67.7
98.3
90.1
39.5
39.9
96.2
40.9
76.2
67.5
58.4
84.2
69.7
82.9
36.5
63.0
57.6
81.7
80.8
66.7
89.0
82.1
50.0
50.9
77.3
64.8
86.8
65.4
64.2
64.9
80.3
52.3
47.7
50.3
57.3
87.8
64.7
70.9
90.3
99.8
92.9
78.2
86.9
49.5
60.6
39.2
74.7
38.4
88.3
58.9
35.7
49.6
49.9
84.3
51.0
50.0
59.4
93.6
81.1
62.5
43.0
89.1
95.5
71.2
49.0
84.5
45.6
43.0
38.7
54.0
57.5
44.4
55.8
94.2
63.8
51.5
73.5
54.0
68.7
62.0
69.7
78.2
47.1
64.2
62.8
53.6
79.5
69.8
74.8
92.4
48.1
64.2
94.0
47.8
80.1
85.3
73.2
74.7
43.3
84.1
69.3
81.2
83.8
47.0
82.6
77.6
61.6
41.6
71.0
91.3
92.9
97.5
67.8
43.0
48.1
63.9
96.9
43.6
37.4
92.1
56.5
92.2
47.1
39.7
42.6
76.4
62.5
67.0
93.5
69.8
69.1
60.4
89.5
61.6
92.0
98.6
50.7
58.9
65.5
70.5
66.9
72.3
87.8
39.6
73.2
78.4
45.7
70.5
84.9
43.4
71.4
48.4
72.5
52.7
60.7
97.5
45.7
78.1
88.3
85.7
70.5
82.7
65.2
62.4
99.3
78.8
62.3
61.9
52.8
96.9
57.8
45.8
57.0
48.4
81.7
73.1
49.1
57.5
71.6
75.5
65.6
92.3
95.0
72.0
55.1
90.4
89.8
97.1
37.0
58.4
86.8
81.0
41.0
50.7
81.2
84.6
64.3
65.1
55.1
95.9
91.1
91.5
83.4
88.6
51.0
81.0
44.3
73.6
39.2
72.5
86.0
72.1
89.0
56.5
44.5
84.0
96.0
74.9
59.7
56.3
49.8
53.6
35.6
61.9
35.2
45.9
48.1
94.6
96.5
78.4
84.6
82.6
81.3
43.1
74.9
58.1
50.7
90.3
74.4
53.7
96.5
41.7
98.0
42.3
46.7
82.0
81.0
55.7
49.5
75.5
44.3
62.1
67.9
88.3
49.3
47.8
65.7
87.3
62.5
60.7
56.9
85.4
69.5
42.8
64.8
39.6
93.1
68.3
78.7
89.3
83.0
91.8
62.7
62.9
60.9
61.0
84.6
59.2
67.8
82.4
77.5
46.5
69.5
57.0
64.1
68.8
63.4
60.0
96.2
59.2
55.5
49.9
70.7
60.3
88.9
99.6
75.1
84.5
91.0
60.0
78.6
45.3
57.5
86.8
44.0
39.3
64.8
84.3
95.1
77.4
41.8
41.4
42.1
78.2
97.1
36.9
40.2
53.0
46.6
50.6
56.9
95.8
59.6
91.7
46.2
99.8
56.2
83.4
63.9
96.1
62.8
39.6
62.5
46.1
65.6
51.1
56.9
69.8
66.9
89.7
67.7
99.5
41.9
62.9
76.3
37.8
91.3
96.3
98.7
38.0
80.8
90.5
89.5
42.7
41.9
91.8
69.2
38.9
98.8
65.8
80.8
45.7
58.3
43.9
44.7
52.1
66.3
90.3
67.0
41.2
40.9
71.5
45.8
57.6
96.4
36.6
45.3
59.1
62.4
60.2
36.1
71.7
84.9
38.7
71.9
72.5
36.6
50.0
40.1
96.6
98.2
43.9
88.2
54.2
67.1
85.8
75.0
94.9
66.7
89.4
76.4
43.1
85.5
39.5
73.8
92.2
57.9
68.6
54.3
47.7
85.1
61.0
81.6
76.6
39.9
69.8
87.1
79.5
91.1
96.2
99.4
52.8
91.2
54.7
56.4
78.2
37.0
92.1
61.7
94.3
88.8
99.9
60.2
68.5
92.6
88.5
61.6
97.6
44.7
61.2
81.8
59.5
76.4
83.4
93.8
42.1
95.0
95.1
51.3
75.9
47.9
43.9
89.6
83.6
88.9
69.9
46.3
78.2
51.9
84.8
91.2
96.4
54.7
85.1
70.1
83.5
64.6
45.8
43.1
62.4
44.3
86.8
36.8
91.8
84.5
93.8
92.8
50.1
89.0
48.3
96.8
49.1
56.4
91.7
41.6
44.1
46.6
84.6
63.8
57.2
86.9
51.6
89.2
81.9
68.9
46.1
90.0
36.0
57.4
61.2
74.0
78.7
60.9
88.1
44.8
87.5
96.5
52.9
35.4
39.2
57.2
89.3
44.2
51.0
69.6
84.2
37.1
69.8
71.1
38.4
47.1
40.4
57.4
88.5
54.6
79.1
40.9
78.8
46.5
38.7
91.5
51.9
96.4
54.1
48.8
60.7
74.5
91.0
46.8
51.8
90.5
86.6
42.1
97.0
93.4
59.0
37.6
90.4
98.3
91.0
85.5
92.9
60.8
81.8
56.3
63.2
77.9
86.1
71.4
42.9
43.9
61.0
40.7
46.8
85.8
65.3
62.9
59.7
61.7
37.9
43.2
73.2
85.1
69.4
94.7
50.3
43.9
67.2
80.8
60.0
89.5
49.5
79.6
86.6
72.6
56.3
73.0
62.8
50.4
89.1
95.7
47.6
83.4
63.9
55.6
76.0
82.6
50.0
91.4
56.3
82.1
89.1
78.5
60.1
44.3
55.4
68.7
95.1
83.8
85.3
90.8
37.1
71.1
66.9
89.5
91.7
39.2
60.1
87.2
60.1
58.4
53.2
77.8
85.7
95.3
71.0
47.6
58.7
60.7
51.1
89.1
47.6
97.8
94.8
39.6
90.1
99.1
77.9
67.3
66.4
80.2
67.8
44.8
77.8
59.3
94.3
81.6
58.1
55.2
92.3
45.3
99.5
75.2
77.3
38.0
90.3
35.5
81.9
61.2
78.3
41.6
97.7
47.5
74.2
69.0
60.9
47.0
63.2
41.8
72.7
80.9
67.4
94.1
70.4
43.7
37.0
93.3
63.9
74.5
87.5
82.0
81.9
71.0
55.1
49.8
96.4
87.5
40.8
78.2
83.6
71.7
35.1
76.1
57.4
42.9
82.7
86.6
96.6
79.0
36.1
46.4
81.5
61.5
72.5
83.4
94.9
48.4
54.3
75.5
36.6
47.1
43.2
81.4
97.0
96.7
39.6
68.7
60.6
77.3
73.9
88.4
76.6
97.1
96.8
93.9
60.2
99.5
81.3
79.4
97.0
74.2
62.6
47.5
92.3
92.0
67.6
78.1
77.9
90.5
74.6
37.6
67.6
94.0
56.5
44.8
94.0
49.7
47.8
68.0
70.9
58.9
43.0
40.9
50.6
46.1
94.7
50.0
41.5
70.0
95.0
57.8
37.7
65.9
60.2
71.2
47.3
57.7
85.0
84.4
46.4
58.2
54.6
47.0
73.5
76.7
45.9
55.6
63.7
87.3
54.3
43.2
58.5
45.7
79.3
56.9
56.1
55.7
65.8
77.8
91.3
42.5
42.8
73.2
38.3
61.0
99.7
89.2
81.9
71.6
56.2
59.0
74.6
36.0
41.3
39.3
99.3
87.2
77.4
98.2
58.9
97.7
92.3
86.0
80.2
91.0
97.5
37.9
45.0
80.8
76.4
39.4
97.1
47.3
97.6
75.0
56.7
64.2
84.3
64.2
43.1
76.0
85.6
66.1
65.1
71.9
90.8
71.3
50.2
87.6
74.6
92.8
73.7
58.8
84.9
70.9
38.1
57.9
91.3
85.3
91.3
57.5
64.1
56.7
47.6
49.0
43.1
42.1
52.7
59.2
89.6
63.3
44.8
61.1
81.7
80.8
62.1
86.3
78.0
58.3
67.9
63.1
59.6
55.6
73.3
86.3
60.4
50.0
59.1
50.3
37.5
59.3
50.9
42.1
46.5
52.1
66.3
81.1
53.0
80.0
55.6
79.0
99.1
56.3
76.9
91.9
79.0
42.7
56.0
56.7
50.0
85.4
67.7
98.0
87.4
72.7
78.7
67.1
51.3
86.7
43.3
81.8
98.5
52.2
38.7
44.4
92.3
77.1
71.8
53.6
35.6
75.1
72.1
95.2
63.3
92.4
90.8
70.7
92.6
77.4
40.4
41.0
82.1
48.0
55.4
42.3
87.3
90.3
46.1
41.7
69.1
88.6
69.9
97.6
87.0
60.5
90.9
37.0
37.9
48.7
39.6
46.5
44.6
53.8
79.2
90.6
57.3
78.6
94.8
85.6
79.7
53.2
54.7
95.6
99.5
75.4
98.2
41.5
84.5
58.5
97.7
45.4
96.4
80.7
84.6
78.9
54.0
88.7
90.0
92.8
49.4
73.4
78.8
52.9
90.1
68.5
74.3
83.4
84.5
64.1
45.0
58.7
67.6
69.8
96.4
44.1
48.4
45.0
37.1
50.4
61.3
85.8
67.2
46.0
95.0
90.6
44.5
45.5
77.2
47.6
58.0
53.8
91.9
49.6
78.0
83.2
45.6
90.1
57.0
45.5
93.6
91.1
58.0
53.9
49.2
89.0
48.4
80.9
85.5
66.4
94.1
68.8
50.6
85.4
74.0
62.7
97.9
95.0
94.3
47.0
55.8
35.9
40.4
48.4
80.1
50.0
71.2
43.3
49.2
84.0
35.0
72.4
39.8
71.8
97.5
49.8
76.6
72.0
57.6
75.2
93.9
86.9
72.6
97.3
36.0
56.6
68.3
87.3
78.4
49.4
70.1
36.4
63.1
63.4
44.9
45.9
53.1
58.2
45.2
43.2
62.5
44.6
72.1
77.8
67.9
57.3
40.3
87.8
86.2
73.5
93.0
35.6
76.5
58.9
99.7
70.2
42.9
94.1
66.0
89.9
74.4
61.8
95.2
81.9
63.8
60.1
72.8
79.5
77.0
63.7
47.8
57.1
37.7
39.7
55.6
86.3
41.3
73.0
94.7
36.9
99.7
40.1
60.4
44.0
63.9
99.2
57.1
86.7
86.3
97.4
55.6
44.4
72.6
66.5
47.0
35.1
90.6
89.2
60.3
50.2
64.3
73.1
96.4
60.3
76.5
68.2
36.1
89.7
90.0
57.8
45.3
35.7
88.9
93.4
67.1
64.9
92.6
63.5
90.0
43.5
75.2
94.8
56.7
77.2
91.9
76.6
37.2
99.6
56.0
45.3
80.1
59.9
83.6
53.2
54.0
97.7
98.2
51.3
62.5
63.7
99.2
83.2
97.8
38.1
54.3
96.2
87.4
60.6
59.9
72.3
65.0
60.5
95.1
66.9
97.2
91.9
86.4
69.7
88.5
77.4
48.4
99.6
73.7
44.0
37.6
35.2
50.9
77.9
39.4
47.7
58.1
40.7
75.4
49.0
83.1
38.0
98.2
47.6
41.5
86.1
46.4
71.5
63.2
47.0
76.7
48.1
43.5
48.3
86.3
69.7
70.9
82.0
78.7
80.2
90.7
98.8
80.5
35.6
88.1
68.2
99.1
93.1
62.2
87.0
88.6
50.9
52.7
81.9
78.5
76.2
74.0
65.7
82.2
49.5
70.0
40.4
55.4
42.5
48.8
99.5
69.7
62.9
51.0
81.8
71.4
75.3
92.1
42.6
86.0
94.3
96.6
90.7
69.5
51.0
75.8
71.7
68.2
83.3
59.9
55.3
76.5
52.1
71.9
65.5
61.4
41.3
53.9
61.4
67.1
55.6
55.1
43.3
93.9
77.8
96.0
88.6
98.9
41.2
71.0
66.4
45.7
56.3
87.6
40.6
93.2
82.7
58.8
60.8
86.7
48.8
59.3
72.1
59.9
53.2
96.8
48.3
57.6
99.0
55.6
44.9
74.3
42.7
92.7
45.6
80.3
92.3
77.5
49.8
80.1
99.2
93.4
73.2
60.7
80.5
36.6
74.6
86.2
50.2
73.6
36.6
71.8
52.7
62.0
35.5
58.1
73.2
67.2
74.8
80.8
45.0
49.1
57.4
98.8
95.1
38.9
86.3
40.0
92.1
73.0
50.5
73.5
54.3
50.9
86.5
66.0
51.0
76.7
97.8
37.0
55.4
37.6
61.7
86.1
76.6
52.0
63.4
89.5
41.8
71.1
51.3
68.7
83.7
97.6
94.6
63.9
38.8
59.6
41.1
99.3
59.3
78.2
63.6
95.9
94.4
81.1
77.1
68.5
83.7
74.4
65.0
57.7
36.7
54.1
58.4
80.3
47.6
71.2
38.9
59.2
40.8
64.5
99.1
64.3
75.1
94.3
77.8
97.4
59.7
59.3
66.5
99.1
77.0
90.1
98.2
51.2
54.4
68.3
42.3
65.7
47.9
49.3
67.5
91.4
60.7
58.7
70.7
50.0
90.7
42.1
38.0
50.5
41.1
70.2
67.2
78.2
69.7
55.3
81.4
73.9
47.4
48.0
45.4
55.8
63.5
68.1
36.3
75.2
99.0
87.1
68.9
39.6
96.0
65.7
75.9
39.0
68.8
75.2
54.3
79.5
98.0
46.6
44.2
62.1
38.1
91.4
92.6
47.4
48.4
93.9
71.8
98.9
60.0
82.6
58.8
47.4
35.6
47.5
71.4
93.1
58.0
42.1
45.6
83.7
50.2
97.1
93.9
64.1
97.4
89.7
37.8
52.6
76.2
37.4
65.9
44.3
49.9
40.2
71.4
49.1
37.3
70.0
93.9
46.7
87.8
84.7
39.5
42.2
50.8
66.0
37.0
94.9
58.2
64.3
50.8
40.8
48.0
47.7
71.3
45.0
41.7
64.6
74.7
53.8
35.0
54.3
66.6
77.5
87.4
93.0
95.2
76.1
61.0
50.1
58.0
77.2
38.6
80.4
45.0
63.9
93.0
40.5
41.7
58.6
89.7
49.7
57.6
74.5
91.7
55.4
70.3
51.4
57.9
54.9
76.6
59.3
46.1
55.4
67.3
77.2
48.7
48.8
80.9
68.1
92.6
92.9
48.6
77.9
38.8
90.8
35.9
89.8
61.0
71.6
69.1
68.5
83.7
91.1
64.6
99.8
44.3
37.8
86.0
38.2
84.8
39.6
50.9
95.2
76.8
78.0
88.1
45.9
60.7
65.8
45.0
94.7
62.3
39.3
61.3
79.8
94.8
54.6
38.2
48.9
91.6
47.5
48.7
46.7
68.6
38.1
67.6
90.6
99.7
87.3
69.6
43.2
89.0
57.2
39.1
41.9
46.0
68.0
64.6
44.8
51.9
91.2
46.1
35.1
97.8
92.9
49.3
57.8
73.7
72.9
62.7
96.6
90.7
47.5
45.4
66.3
69.9
71.9
61.8
94.9
47.1
53.0
70.5
65.1
66.6
92.2
74.8
84.0
88.0
93.7
91.7
59.7
77.6
89.7
93.3
38.9
66.6
42.2
63.3
98.1
96.1
53.9
87.2
88.0
84.5
52.4
47.7
96.6
92.6
64.8
98.2
95.2
44.2
36.0
59.3
42.6
83.6
90.1
61.2
52.9
83.1
92.2
95.7
85.8
75.8
97.8
91.5
89.4
35.7
53.6
62.2
46.7
42.3
38.3
52.2
83.1
45.3
44.1
41.4
41.6
55.7
75.5
50.8
58.0
98.1
55.6
55.2
45.0
37.2
76.0
92.8
84.8
36.0
81.2
68.1
79.7
74.7
50.2
67.1
51.8
53.5
45.4
55.2
88.0
41.7
61.2
60.6
77.1
92.2
78.3
83.3
55.4
82.5
78.8
48.3
59.8
55.4
55.1
43.0
99.4
97.5
49.5
49.4
68.2
74.9
57.4
37.1
93.9
66.0
48.6
53.6
39.6
72.7
94.4
38.3
42.7
86.8
95.0
49.1
53.4
72.7
53.9
56.1
59.3
61.6
98.0
91.9
85.8
36.5
89.5
51.9
37.5
73.8
78.3
53.5
53.5
75.4
43.2
46.4
75.7
50.9
36.9
64.5
84.9
79.5
63.8
50.6
98.4
93.8
72.6
72.1
55.1
97.0
86.1
70.6
43.7
90.0
91.3
67.9
76.2
79.4
70.1
88.3
82.3
82.3
45.5
59.0
45.3
52.7
68.7
45.1
82.1
64.2
89.6
86.6
50.9
87.9
44.1
72.1
37.5
37.0
42.2
95.7
94.4
97.2
56.7
44.0
90.8
98.5
36.9
76.6
95.7
68.9
46.2
97.5
84.2
78.8
70.0
99.0
45.5
38.9
39.0
95.1
40.4
92.6
85.1
52.5
96.0
84.5
86.7
86.5
46.4
99.0
56.5
47.9
71.3
67.2
82.1
74.1
93.5
60.4
84.8
91.5
74.2
85.1
95.6
54.0
77.9
95.1
82.9
80.9
89.1
59.9
50.6
84.0
91.2
94.5
91.2
93.6
73.0
92.5
85.7
89.6
38.4
44.2
80.1
93.5
55.2
82.8
53.3
36.0
71.4
87.2
91.1
41.6
54.5
80.7
89.3
40.8
90.2
96.7
84.4
76.4
69.5
56.0
36.4
79.6
79.8
38.5
52.6
35.2
99.4
94.8
44.0
58.6
82.1
40.7
67.3
77.9
88.8
38.2
80.3
87.7
56.9
80.4
78.9
40.1
69.3
54.1
35.6
88.4
42.8
56.2
55.3
47.9
58.7
56.5
92.0
73.3
41.0
77.2
83.0
48.4
96.3
91.5
83.6
57.2
58.7
69.3
96.4
48.8
87.6
94.0
81.4
40.7
43.6
65.5
58.3
48.2
66.7
88.8
72.9
47.5
75.4
49.0
68.2
86.8
87.8
76.0
87.0
60.9
41.0
87.5
84.8
35.1
61.9
70.2
46.9
87.6
41.5
89.0
42.2
92.0
58.3
83.9
90.2
62.9
98.1
66.2
62.2
45.4
98.3
41.3
58.5
53.0
45.2
38.6
41.1
38.5
96.9
74.9
84.8
98.0
81.1
53.6
63.1
54.8
89.7
88.4
84.6
80.5
48.6
85.0
37.0
35.7
72.3
59.1
63.5
84.4
75.3
79.9
86.3
61.9
62.1
61.2
74.0
75.6
48.2
70.9
74.3
36.9
47.4
83.0
63.6
98.3
56.4
41.5
48.7
62.9
59.7
68.7
69.1
55.7
41.5
97.1
60.6
84.6
87.4
84.0
76.1
86.7
76.0
96.2
62.2
77.0
50.5
53.7
73.5
86.3
35.6
83.5
53.6
36.0
67.6
56.6
38.7
78.8
62.2
63.6
79.1
39.0
88.5
81.1
61.4
89.1
86.6
47.1
52.8
58.0
82.7
46.6
72.6
94.7
44.4
41.5
81.6
80.3
86.9
52.2
97.2
48.8
70.2
95.3
75.2
41.5
74.4
72.7
98.0
50.6
74.5
87.2
93.1
83.6
92.0
81.5
44.4
84.3
63.6
91.1
43.3
41.1
94.7
52.2
37.3
36.9
88.1
47.2
61.9
40.2
54.4
62.8
38.4
77.5
71.9
62.7
36.1
94.7
90.7
35.0
35.9
48.8
60.7
66.6
88.5
76.4
67.9
81.2
75.1
77.4
77.0
92.5
76.3
43.8
39.6
78.8
91.9
82.8
54.9
48.9
73.2
90.7
75.0
80.5
66.8
95.7
58.3
58.6
87.7
72.5
50.4
57.6
61.2
59.5
44.4
84.7
64.1
53.7
47.0
51.7
53.9
48.4
36.6
40.4
83.1
51.3
82.5
94.0
58.0
78.4
98.2
49.5
79.2
77.4
41.6
68.5
62.2
74.7
41.2
61.4
77.2
70.4
48.8
43.4
82.7
57.6
84.5
68.4
57.9
75.8
57.3
67.6
57.5
71.1
61.7
54.3
93.3
78.8
65.9
97.7
81.4
85.7
83.4
91.7
69.9
88.6
35.8
96.8
94.5
94.6
48.2
89.1
67.7
91.3
73.4
52.3
87.9
86.2
77.5
70.0
39.5
51.5
62.4
47.3
92.6
99.7
37.9
42.9
41.0
65.7
94.0
53.0
79.4
69.6
91.5
97.2
93.9
50.3
40.1
58.5
38.5
66.4
78.6
52.9
78.8
52.1
61.2
43.0
95.4
60.5
69.1
87.7
62.6
97.6
85.9
94.0
37.8
42.3
53.1
81.8
82.6
81.9
38.0
47.8
80.6
99.0
58.7
92.7
52.1
82.8
39.2
72.3
73.5
39.6
55.6
53.1
52.6
94.6
55.7
47.0
55.1
73.0
66.3
41.9
76.6
83.4
47.4
39.2
39.7
48.4
93.4
85.4
66.4
68.3
36.6
85.4
69.2
55.8
44.1
65.9
49.3
96.5
85.6
84.0
52.4
43.8
89.5
74.4
70.0
94.3
85.7
69.3
53.7
87.5
44.4
62.3
76.1
40.2
90.0
83.6
87.4
78.2
82.2
71.0
38.8
88.0
60.4
79.8
96.5
77.8
97.5
51.2
38.1
85.4
52.0
66.0
84.0
93.2
36.5
95.9
70.9
66.9
48.4
83.6
99.6
79.6
97.2
41.3
53.2
57.1
58.4
78.7
59.1
95.9
36.5
88.2
55.7
84.2
62.6
53.0
62.8
98.5
61.4
79.1
37.1
44.9
89.4
74.5
99.2
35.5
57.3
50.9
87.3
78.9
86.9
65.2
53.5
52.2
76.8
91.4
69.7
90.4
90.6
97.9
73.9
99.5
88.6
64.2
85.5
93.5
87.1
49.2
93.5
73.6
43.5
57.1
45.4
72.1
82.1
50.4
57.9
63.1
57.4
76.2
98.7
99.7
98.6
74.7
98.8
86.3
53.2
78.9
89.7
49.3
46.1
35.8
68.9
35.8
48.3
36.5
86.0
42.4
60.6
54.6
88.6
60.1
96.9
90.3
83.7
91.1
68.0
66.7
35.7
81.3
73.2
56.1
95.0
95.6
88.5
53.4
43.0
90.4
52.3
41.6
79.3
37.5
49.1
73.6
59.2
79.1
80.3
51.4
75.1
83.5
46.1
85.2
73.1
50.8
55.8
52.2
59.4
41.9
74.6
50.8
89.9
75.1
47.0
69.8
67.7
83.4
45.6
86.4
89.9
55.0
47.3
93.0
45.6
46.5
74.5
85.9
71.4
60.7
45.8
58.8
62.8
94.6
55.2
93.7
96.2
72.0
62.6
80.4
82.8
84.6
96.6
60.8
39.3
94.5
69.6
65.7
95.1
39.1
66.7
53.6
75.5
48.0
35.6
66.5
85.5
82.7
77.1
56.3
92.8
55.5
73.9
87.0
84.7
73.1
56.4
51.8
57.2
55.8
50.3
73.1
78.3
96.6
40.2
40.3
41.2
58.9
60.8
86.9
48.2
46.9
40.8
88.3
36.1
75.3
56.6
98.4
83.5
76.4
45.8
58.7
97.4
48.4
48.6
79.7
80.9
81.3
80.0
60.1
79.4
87.1
70.1
97.4
90.3
55.4
77.0
68.1
98.8
97.7
83.6
62.2
80.8
50.2
82.5
47.2
60.1
77.1
87.8
39.9
40.3
90.5
61.5
89.3
50.7
43.8
65.2
41.3
87.5
69.5
48.5
69.9
92.0
36.3
54.9
78.8
77.4
76.7
59.4
37.3
77.8
42.0
58.7
52.9
97.6
88.5
65.2
47.5
72.6
64.9
87.4
94.5
38.4
44.6
75.8
69.9
49.5
68.5
85.1
71.5
36.5
55.0
52.5
59.4
68.0
52.1
55.3
89.5
75.4
98.5
75.5
59.4
70.8
46.1
51.3
53.8
67.2
85.9
75.0
70.7
64.7
40.1
86.4
79.8
43.6
78.5
72.1
45.7
81.0
73.5
55.3
87.6
85.2
58.7
39.2
81.8
88.8
44.2
41.6
65.2
85.6
49.6
40.7
80.1
99.9
39.7
83.9
92.5
72.9
36.4
35.2
83.8
93.2
56.5
79.4
73.8
95.4
56.0
42.5
35.3
82.7
60.2
99.5
57.1
97.4
84.1
54.1
98.2
53.9
57.5
49.7
36.4
35.3
60.2
53.0
96.1
55.9
57.5
82.4
36.7
64.9
40.7
71.6
43.8
88.3
72.6
95.6
81.9
67.0
35.4
43.4
48.3
42.1
70.9
81.9
62.6
71.9
91.4
46.3
44.1
54.2
47.5
96.4
98.1
41.0
80.3
69.7
70.9
82.3
54.4
79.7
43.9
47.6
61.5
57.4
50.6
51.4
96.1
82.9
82.5
98.1
39.3
55.8
64.9
64.8
70.7
41.5
75.7
62.5
92.8
99.5
47.8
95.8
96.5
98.4
67.7
38.5
79.2
49.5
87.1
37.5
73.0
64.3
57.4
45.2
56.0
72.1
39.6
50.7
43.2
53.2
39.0
60.5
60.4
88.8
58.5
48.1
83.1
89.5
94.2
97.1
42.7
54.5
52.0
66.4
39.3
65.7
62.1
72.4
72.6
49.6
87.7
86.2
92.4
58.0
67.5
95.8
48.8
75.8
81.2
49.8
76.2
41.3
47.3
96.1
79.2
40.6
35.8
37.6
40.1
48.0
36.0
48.6
67.1
52.3
58.3
94.1
60.0
47.9
77.0
40.6
69.6
98.8
86.3
60.4
42.3
63.6
64.0
96.4
88.9
48.9
53.6
71.9
88.9
97.2
98.7
67.2
63.2
59.0
57.4
39.9
48.8
87.9
44.9
79.2
41.3
80.8
79.0
66.1
42.5
83.4
50.2
84.0
76.0
73.5
85.5
37.1
47.2
43.2
37.6
52.7
59.6
89.6
66.2
61.9
42.7
47.6
40.0
62.1
77.7
87.4
93.0
55.7
76.8
69.1
89.3
43.7
62.3
36.5
61.8
73.1
64.0
56.0
88.0
54.9
64.3
54.9
77.7
70.6
74.2
99.0
71.7
83.8
69.5
87.4
75.5
81.3
78.9
81.4
48.5
41.9
38.6
82.7
49.9
94.9
68.2
77.2
80.2
64.7
95.0
69.4
60.7
35.5
77.7
55.1
58.4
79.3
71.0
51.4
79.4
48.9
43.3
69.3
71.7
57.5
82.6
93.1
40.4
46.7
94.8
96.9
61.5
84.1
79.6
58.8
52.3
86.0
56.3
87.5
88.2
42.6
53.8
42.7
46.7
59.9
39.4
75.5
48.9
47.5
91.6
80.0
39.1
80.1
61.5
83.4
36.2
64.0
76.8
39.1
95.8
65.7
96.7
95.7
77.0
64.7
96.5
67.7
59.6
92.5
94.9
65.6
93.1
80.1
82.4
57.0
42.1
47.9
52.7
92.1
60.9
81.0
67.2
72.2
54.5
71.7
64.1
75.5
91.2
85.7
50.2
84.8
71.5
86.1
66.6
72.3
68.8
87.0
82.0
67.0
69.1
67.7
59.5
48.2
55.8
35.1
74.9
78.9
50.0
86.1
50.3
86.1
49.1
79.0
76.5
52.1
70.9
76.7
50.1
72.6
70.4
57.4
94.1
82.2
54.6
65.6
41.8
57.5
79.0
54.5
48.6
46.0
50.1
95.3
63.9
42.7
98.8
55.9
48.6
59.0
83.4
85.4
63.2
64.8
65.6
69.6
54.0
44.1
96.2
73.8
47.7
61.9
85.8
54.1
79.2
61.5
40.9
48.9
35.1
39.0
82.8
91.5
42.1
69.0
75.5
87.1
98.3
55.8
50.3
51.8
82.4
87.7
42.9
47.8
68.5
90.4
71.9
70.6
61.2
85.5
38.7
60.7
82.0
46.5
80.8
97.9